 ne:            2 ns:            5 nr:            5 nen:            2 nm:            5
  T(K)          Tv(K)       Y_N         Y_O         Y_NO        Y_N2        Y_O2        P(Pa)       rho(kg/m^3) n(1/m^3)    Mw(kg/mol)  Cp(J/kg-K)  Cv(J/kg-K)  Gamma       a(m/s)      h(J/kg)     e(J/kg)     
  0.3000E+03  0.3000E+03  0.2185E-79  0.1191E-40  0.2408E-15  0.7671E+00  0.2329E+00  0.1013E+06  0.1250E+01  0.2609E+26  0.2885E-01  0.0000E+00 -0.2882E+03 -0.0000E+00 -0.0000E+00  0.1871E+04 -0.8459E+05
 -0.1612E-92
 -0.9445E-74
  0.3452E-92
 -0.2147-107
  0.9445E-74
  0.3500E+03  0.3000E+03  0.1260E-67  0.1897E-34  0.4490E-13  0.7671E+00  0.2329E+00  0.1013E+06  0.1250E+01  0.2609E+26  0.2885E-01  0.0000E+00 -0.2882E+03 -0.0000E+00 -0.0000E+00  0.5252E+05 -0.4835E+05
 -0.1021E-78
 -0.2644E-60
  0.2186E-78
  0.6876E-92
  0.2644E-60
  0.4000E+03  0.3000E+03  0.8451E-59  0.8633E-30  0.2267E-11  0.7671E+00  0.2329E+00  0.1013E+06  0.1250E+01  0.2609E+26  0.2885E-01  0.0000E+00 -0.2882E+03 -0.0000E+00 -0.0000E+00  0.1034E+06 -0.1189E+05
 -0.3856E-69
 -0.3985E-51
  0.8260E-69
  0.1831E-80
  0.3985E-51
  0.4500E+03  0.3000E+03  0.6258E-52  0.3662E-26  0.4792E-10  0.7671E+00  0.2329E+00  0.1013E+06  0.1250E+01  0.2609E+26  0.2885E-01  0.0000E+00 -0.2882E+03 -0.0000E+00 -0.0000E+00  0.1546E+06  0.2488E+05
  0.2315E-62
 -0.5443E-44
 -0.4960E-62
 -0.6818E-72
  0.5443E-44
  0.5000E+03  0.3000E+03  0.1975E-46  0.2947E-23  0.5503E-09  0.7671E+00  0.2329E+00  0.1013E+06  0.1250E+01  0.2609E+26  0.2885E-01  0.0000E+00 -0.2882E+03 -0.0000E+00 -0.0000E+00  0.2061E+06  0.6205E+05
 -0.1892E-56
 -0.2766E-38
  0.4054E-56
  0.2926E-65
  0.2766E-38
  0.5500E+03  0.3000E+03  0.6277E-42  0.7070E-21  0.4055E-08  0.7671E+00  0.2329E+00  0.1013E+06  0.1250E+01  0.2609E+26  0.2885E-01  0.0000E+00 -0.2882E+03 -0.0000E+00 -0.0000E+00  0.2582E+06  0.9971E+05
 -0.3744E-52
 -0.1283E-33
  0.8020E-52
 -0.3556E-59
  0.1283E-33
  0.6000E+03  0.3000E+03  0.3564E-38  0.6838E-19  0.2143E-07  0.7671E+00  0.2329E+00  0.1013E+06  0.1250E+01  0.2609E+26  0.2885E-01  0.0000E+00 -0.2882E+03 -0.0000E+00 -0.0000E+00  0.3108E+06  0.1379E+06
 -0.2531E-47
 -0.9896E-30
  0.5423E-47
 -0.3930E-54
  0.9896E-30
  0.6500E+03  0.3000E+03  0.5375E-35  0.3286E-17  0.8764E-07  0.7671E+00  0.2329E+00  0.1013E+06  0.1250E+01  0.2609E+26  0.2885E-01  0.0000E+00 -0.2882E+03 -0.0000E+00 -0.0000E+00  0.3640E+06  0.1767E+06
  0.2222E-45
 -0.1919E-26
 -0.4759E-45
 -0.3893E-50
  0.1919E-26
  0.7000E+03  0.3000E+03  0.2861E-32  0.9111E-16  0.2931E-06  0.7671E+00  0.2329E+00  0.1013E+06  0.1250E+01  0.2609E+26  0.2885E-01  0.0000E+00 -0.2882E+03 -0.0000E+00 -0.0000E+00  0.4178E+06  0.2161E+06
  0.1727E-41
 -0.1259E-23
 -0.3701E-41
 -0.7667E-47
  0.1259E-23
  0.7500E+03  0.3000E+03  0.6612E-30  0.1626E-14  0.8348E-06  0.7671E+00  0.2329E+00  0.1013E+06  0.1250E+01  0.2609E+26  0.2885E-01  0.0000E+00 -0.2882E+03 -0.0000E+00 -0.0000E+00  0.4723E+06  0.2561E+06
 -0.3028E-38
 -0.3469E-21
  0.6487E-38
 -0.1099E-43
  0.3469E-21
  0.8000E+03  0.3000E+03  0.7761E-28  0.2029E-13  0.2086E-05  0.7671E+00  0.2329E+00  0.1013E+06  0.1250E+01  0.2609E+26  0.2885E-01  0.0000E+00 -0.2882E+03 -0.0000E+00 -0.0000E+00  0.5273E+06  0.2967E+06
 -0.7731E-35
 -0.4726E-19
  0.1656E-34
  0.4824E-41
  0.4726E-19
  0.8500E+03  0.3000E+03  0.5212E-26  0.1885E-12  0.4681E-05  0.7671E+00  0.2329E+00  0.1013E+06  0.1250E+01  0.2609E+26  0.2885E-01  0.0000E+00 -0.2882E+03 -0.0000E+00 -0.0000E+00  0.5829E+06  0.3379E+06
 -0.4734E-32
 -0.3605E-17
  0.1014E-31
  0.6175E-40
  0.3605E-17
  0.9000E+03  0.3000E+03  0.2197E-24  0.1369E-11  0.9601E-05  0.7671E+00  0.2329E+00  0.1013E+06  0.1250E+01  0.2609E+26  0.2885E-01  0.0000E+00 -0.2882E+03 -0.0000E+00 -0.0000E+00  0.6391E+06  0.3797E+06
 -0.1435E-29
 -0.1696E-15
  0.3075E-29
  0.1027E-36
  0.1696E-15
  0.9500E+03  0.3000E+03  0.6258E-23  0.8079E-11  0.1826E-04  0.7671E+00  0.2329E+00  0.1013E+06  0.1250E+01  0.2609E+26  0.2885E-01  0.0000E+00 -0.2882E+03 -0.0000E+00 -0.0000E+00  0.6958E+06  0.4220E+06
 -0.2383E-27
 -0.5312E-14
  0.5104E-27
 -0.5224E-35
  0.5312E-14
  0.1000E+04  0.3000E+03  0.1277E-21  0.3997E-10  0.3257E-04  0.7671E+00  0.2329E+00  0.1013E+06  0.1250E+01  0.2609E+26  0.2885E-01  0.0000E+00 -0.2882E+03 -0.0000E+00 -0.0000E+00  0.7531E+06  0.4649E+06
 -0.2379E-25
 -0.1178E-12
  0.5097E-25
  0.1128E-35
  0.1178E-12
  0.1050E+04  0.3000E+03  0.1958E-20  0.1700E-09  0.5498E-04  0.7671E+00  0.2329E+00  0.1013E+06  0.1250E+01  0.2609E+26  0.2885E-01  0.0000E+00 -0.2882E+03 -0.0000E+00 -0.0000E+00  0.8108E+06  0.5082E+06
 -0.1537E-23
 -0.1941E-11
  0.3292E-23
 -0.8737E-32
  0.1941E-11
  0.1100E+04  0.3000E+03  0.2344E-19  0.6344E-09  0.8850E-04  0.7670E+00  0.2329E+00  0.1013E+06  0.1250E+01  0.2609E+26  0.2885E-01  0.0000E+00 -0.2882E+03 -0.0000E+00 -0.0000E+00  0.8691E+06  0.5521E+06
 -0.6812E-22
 -0.2476E-10
  0.1459E-21
 -0.9016E-31
  0.2476E-10
  0.1150E+04  0.3000E+03  0.2264E-18  0.2113E-08  0.1367E-03  0.7670E+00  0.2328E+00  0.1013E+06  0.1250E+01  0.2609E+26  0.2885E-01  0.0000E+00 -0.2882E+03 -0.0000E+00 -0.0000E+00  0.9278E+06  0.5964E+06
 -0.2176E-20
 -0.2530E-09
  0.4663E-20
  0.4626E-29
  0.2530E-09
  0.1200E+04  0.3000E+03  0.1812E-17  0.6369E-08  0.2036E-03  0.7670E+00  0.2328E+00  0.1013E+06  0.1250E+01  0.2609E+26  0.2885E-01  0.0000E+00 -0.2882E+03 -0.0000E+00 -0.0000E+00  0.9870E+06  0.6412E+06
 -0.5222E-19
 -0.2127E-08
  0.1119E-18
  0.8154E-28
  0.2127E-08
  0.1250E+04  0.3000E+03  0.1229E-16  0.1759E-07  0.2937E-03  0.7669E+00  0.2328E+00  0.1013E+06  0.1250E+01  0.2609E+26  0.2885E-01  0.0000E+00 -0.2882E+03 -0.0000E+00 -0.0000E+00  0.1047E+07  0.6864E+06
 -0.9737E-18
 -0.1507E-07
  0.2086E-17
  0.7340E-26
  0.1507E-07
  0.1300E+04  0.3000E+03  0.7197E-16  0.4495E-07  0.4120E-03  0.7669E+00  0.2327E+00  0.1013E+06  0.1250E+01  0.2609E+26  0.2885E-01  0.0000E+00 -0.2882E+03 -0.0000E+00 -0.0000E+00  0.1107E+07  0.7320E+06
 -0.1453E-16
 -0.9179E-07
  0.3112E-16
  0.2136E-24
  0.9179E-07
  0.1350E+04  0.3000E+03  0.3700E-15  0.1072E-06  0.5635E-03  0.7668E+00  0.2326E+00  0.1013E+06  0.1250E+01  0.2609E+26  0.2885E-01  0.0000E+00 -0.2882E+03 -0.0000E+00 -0.0000E+00  0.1167E+07  0.7781E+06
 -0.1778E-15
 -0.4885E-06
  0.3810E-15
  0.5241E-23
  0.4885E-06
  0.1400E+04  0.3000E+03  0.1693E-14  0.2403E-06  0.7537E-03  0.7667E+00  0.2325E+00  0.1013E+06  0.1250E+01  0.2609E+26  0.2885E-01  0.0000E+00 -0.2882E+03 -0.0000E+00 -0.0000E+00  0.1228E+07  0.8246E+06
 -0.1824E-14
 -0.2306E-05
  0.3908E-14
  0.1019E-21
  0.2306E-05
  0.1450E+04  0.3000E+03  0.6981E-14  0.5098E-06  0.9880E-03  0.7666E+00  0.2324E+00  0.1013E+06  0.1250E+01  0.2609E+26  0.2885E-01  0.0000E+00 -0.2882E+03 -0.0000E+00 -0.0000E+00  0.1289E+07  0.8715E+06
 -0.1597E-13
 -0.9771E-05
  0.3421E-13
  0.1626E-20
  0.9771E-05
  0.1500E+04  0.3000E+03  0.2620E-13  0.1029E-05  0.1272E-02  0.7665E+00  0.2322E+00  0.1013E+06  0.1250E+01  0.2609E+26  0.2885E-01  0.0000E+00 -0.2882E+03 -0.0000E+00 -0.0000E+00  0.1351E+07  0.9188E+06
 -0.1212E-12
 -0.3758E-04
  0.2597E-12
  0.2157E-19
  0.3758E-04
  0.1550E+04  0.3000E+03  0.9032E-13  0.1985E-05  0.1611E-02  0.7663E+00  0.2321E+00  0.1013E+06  0.1250E+01  0.2609E+26  0.2885E-01  0.0000E+00 -0.2882E+03 -0.0000E+00 -0.0000E+00  0.1413E+07  0.9666E+06
 -0.8096E-12
 -0.1324E-03
  0.1734E-11
  0.2412E-18
  0.1324E-03
  0.1600E+04  0.3000E+03  0.2883E-12  0.3677E-05  0.2010E-02  0.7661E+00  0.2318E+00  0.1013E+06  0.1250E+01  0.2609E+26  0.2885E-01  0.0000E+00 -0.2882E+03 -0.0000E+00 -0.0000E+00  0.1476E+07  0.1015E+07
 -0.4812E-11
 -0.4309E-03
  0.1031E-10
  0.2318E-17
  0.4309E-03
  0.1650E+04  0.3000E+03  0.8581E-12  0.6561E-05  0.2474E-02  0.7659E+00  0.2316E+00  0.1013E+06  0.1250E+01  0.2609E+26  0.2885E-01  0.0000E+00 -0.2882E+03 -0.0000E+00 -0.0000E+00  0.1539E+07  0.1063E+07
 -0.2573E-10
 -0.1304E-02
  0.5513E-10
  0.1941E-16
  0.1304E-02
  0.1700E+04  0.3000E+03  0.2396E-11  0.1132E-04  0.3008E-02  0.7657E+00  0.2313E+00  0.1013E+06  0.1250E+01  0.2609E+26  0.2885E-01  0.0000E+00 -0.2882E+03 -0.0000E+00 -0.0000E+00  0.1603E+07  0.1113E+07
 -0.1250E-09
 -0.3698E-02
  0.2678E-09
  0.1434E-15
  0.3698E-02
  0.1750E+04  0.3000E+03  0.6310E-11  0.1892E-04  0.3615E-02  0.7654E+00  0.2310E+00  0.1013E+06  0.1250E+01  0.2609E+26  0.2885E-01  0.0000E+00 -0.2882E+03 -0.0000E+00 -0.0000E+00  0.1667E+07  0.1162E+07
 -0.5561E-09
 -0.9870E-02
  0.1191E-08
  0.9442E-15
  0.9870E-02
  0.1800E+04  0.3000E+03  0.1575E-10  0.3076E-04  0.4301E-02  0.7651E+00  0.2306E+00  0.1013E+06  0.1250E+01  0.2609E+26  0.2885E-01  0.0000E+00 -0.2882E+03 -0.0000E+00 -0.0000E+00  0.1731E+07  0.1212E+07
 -0.2283E-08
 -0.2493E-01
  0.4891E-08
  0.5597E-14
  0.2493E-01
  0.1850E+04  0.3000E+03  0.3744E-10  0.4869E-04  0.5068E-02  0.7647E+00  0.2302E+00  0.1013E+06  0.1250E+01  0.2609E+26  0.2885E-01  0.0000E+00 -0.2882E+03 -0.0000E+00 -0.0000E+00  0.1796E+07  0.1263E+07
 -0.8708E-08
 -0.5985E-01
  0.1865E-07
  0.3012E-13
  0.5985E-01
  0.1900E+04  0.3000E+03  0.8503E-10  0.7525E-04  0.5919E-02  0.7643E+00  0.2297E+00  0.1013E+06  0.1250E+01  0.2609E+26  0.2885E-01  0.0000E+00 -0.2882E+03 -0.0000E+00 -0.0000E+00  0.1862E+07  0.1314E+07
 -0.3103E-07
 -0.1371E+00
  0.6648E-07
  0.1483E-12
  0.1371E+00
  0.1950E+04  0.3000E+03  0.1852E-09  0.1137E-03  0.6857E-02  0.7639E+00  0.2291E+00  0.1013E+06  0.1250E+01  0.2609E+26  0.2885E-01  0.0000E+00 -0.2882E+03 -0.0000E+00 -0.0000E+00  0.1928E+07  0.1366E+07
 -0.1039E-06
 -0.3009E+00
  0.2226E-06
  0.6724E-12
  0.3009E+00
  0.2000E+04  0.3000E+03  0.3881E-09  0.1684E-03  0.7883E-02  0.7634E+00  0.2285E+00  0.1013E+06  0.1250E+01  0.2610E+26  0.2885E-01  0.0000E+00 -0.2882E+03 -0.0000E+00 -0.0000E+00  0.1995E+07  0.1418E+07
 -0.3284E-06
 -0.6344E+00
  0.7036E-06
  0.2826E-11
  0.6344E+00
  0.2050E+04  0.3000E+03  0.7845E-09  0.2445E-03  0.8998E-02  0.7629E+00  0.2279E+00  0.1013E+06  0.1250E+01  0.2610E+26  0.2884E-01  0.0000E+00 -0.2883E+03 -0.0000E+00 -0.0000E+00  0.2062E+07  0.1472E+07
 -0.9844E-06
 -0.1289E+01
  0.2109E-05
  0.1107E-10
  0.1289E+01
  0.2100E+04  0.3000E+03  0.1534E-08  0.3488E-03  0.1020E-01  0.7623E+00  0.2271E+00  0.1013E+06  0.1250E+01  0.2610E+26  0.2884E-01  0.0000E+00 -0.2883E+03 -0.0000E+00 -0.0000E+00  0.2131E+07  0.1526E+07
 -0.2809E-05
 -0.2530E+01
  0.6017E-05
  0.4065E-10
  0.2530E+01
  0.2150E+04  0.3000E+03  0.2907E-08  0.4893E-03  0.1150E-01  0.7617E+00  0.2263E+00  0.1013E+06  0.1250E+01  0.2610E+26  0.2884E-01  0.0000E+00 -0.2883E+03 -0.0000E+00 -0.0000E+00  0.2201E+07  0.1581E+07
 -0.7658E-05
 -0.4810E+01
  0.1641E-04
  0.1404E-09
  0.4810E+01
  0.2200E+04  0.3000E+03  0.5353E-08  0.6758E-03  0.1289E-01  0.7611E+00  0.2254E+00  0.1013E+06  0.1250E+01  0.2611E+26  0.2883E-01  0.0000E+00 -0.2884E+03 -0.0000E+00 -0.0000E+00  0.2271E+07  0.1637E+07
 -0.2001E-04
 -0.8876E+01
  0.4287E-04
  0.4586E-09
  0.8876E+01
  0.2250E+04  0.3000E+03  0.9595E-08  0.9200E-03  0.1436E-01  0.7604E+00  0.2243E+00  0.1013E+06  0.1250E+01  0.2611E+26  0.2883E-01  0.0000E+00 -0.2884E+03 -0.0000E+00 -0.0000E+00  0.2343E+07  0.1694E+07
 -0.5029E-04
 -0.1593E+02
  0.1077E-03
  0.1421E-08
  0.1593E+02
  0.2300E+04  0.3000E+03  0.1677E-07  0.1235E-02  0.1592E-01  0.7597E+00  0.2232E+00  0.1013E+06  0.1250E+01  0.2612E+26  0.2882E-01  0.0000E+00 -0.2885E+03 -0.0000E+00 -0.0000E+00  0.2417E+07  0.1753E+07
 -0.1219E-03
 -0.2784E+02
  0.2611E-03
  0.4192E-08
  0.2784E+02
  0.2350E+04  0.3000E+03  0.2862E-07  0.1638E-02  0.1756E-01  0.7589E+00  0.2219E+00  0.1013E+06  0.1250E+01  0.2613E+26  0.2881E-01  0.0000E+00 -0.2886E+03 -0.0000E+00 -0.0000E+00  0.2492E+07  0.1814E+07
 -0.2854E-03
 -0.4749E+02
  0.6115E-03
  0.1182E-07
  0.4749E+02
  0.2400E+04  0.3000E+03  0.4779E-07  0.2145E-02  0.1929E-01  0.7581E+00  0.2205E+00  0.1013E+06  0.1250E+01  0.2614E+26  0.2879E-01  0.0000E+00 -0.2888E+03 -0.0000E+00 -0.0000E+00  0.2570E+07  0.1877E+07
 -0.6479E-03
 -0.7918E+02
  0.1388E-02
  0.3192E-07
  0.7918E+02
  0.2450E+04  0.3000E+03  0.7814E-07  0.2778E-02  0.2109E-01  0.7572E+00  0.2189E+00  0.1013E+06  0.1250E+01  0.2616E+26  0.2878E-01  0.0000E+00 -0.2889E+03 -0.0000E+00 -0.0000E+00  0.2649E+07  0.1942E+07
 -0.1428E-02
 -0.1292E+03
  0.3059E-02
  0.8287E-07
  0.1292E+03
  0.2500E+04  0.3000E+03  0.1253E-06  0.3559E-02  0.2296E-01  0.7564E+00  0.2171E+00  0.1013E+06  0.1250E+01  0.2618E+26  0.2876E-01  0.0000E+00 -0.2891E+03 -0.0000E+00 -0.0000E+00  0.2732E+07  0.2009E+07
 -0.3062E-02
 -0.2065E+03
  0.6560E-02
  0.2073E-06
  0.2065E+03
  0.2550E+04  0.3000E+03  0.1973E-06  0.4513E-02  0.2489E-01  0.7555E+00  0.2151E+00  0.1013E+06  0.1250E+01  0.2620E+26  0.2873E-01  0.0000E+00 -0.2894E+03 -0.0000E+00 -0.0000E+00  0.2817E+07  0.2079E+07
 -0.6402E-02
 -0.3238E+03
  0.1371E-01
  0.5007E-06
  0.3238E+03
  0.2600E+04  0.3000E+03  0.3053E-06  0.5667E-02  0.2689E-01  0.7545E+00  0.2129E+00  0.1013E+06  0.1250E+01  0.2623E+26  0.2870E-01  0.0000E+00 -0.2897E+03 -0.0000E+00 -0.0000E+00  0.2906E+07  0.2153E+07
 -0.1307E-01
 -0.4986E+03
  0.2799E-01
  0.1171E-05
  0.4986E+03
  0.2650E+04  0.3000E+03  0.4648E-06  0.7051E-02  0.2892E-01  0.7536E+00  0.2104E+00  0.1013E+06  0.1250E+01  0.2626E+26  0.2867E-01  0.0000E+00 -0.2900E+03 -0.0000E+00 -0.0000E+00  0.2999E+07  0.2231E+07
 -0.2607E-01
 -0.7548E+03
  0.5585E-01
  0.2656E-05
  0.7547E+03
  0.2700E+04  0.3000E+03  0.6969E-06  0.8695E-02  0.3100E-01  0.7526E+00  0.2077E+00  0.1013E+06  0.1250E+01  0.2630E+26  0.2863E-01  0.0000E+00 -0.2905E+03 -0.0000E+00 -0.0000E+00  0.3097E+07  0.2312E+07
 -0.5094E-01
 -0.1124E+04
  0.1091E+00
  0.5856E-05
  0.1124E+04
  0.2750E+04  0.3000E+03  0.1030E-05  0.1063E-01  0.3311E-01  0.7516E+00  0.2046E+00  0.1013E+06  0.1250E+01  0.2634E+26  0.2858E-01  0.0000E+00 -0.2910E+03 -0.0000E+00 -0.0000E+00  0.3199E+07  0.2399E+07
 -0.9754E-01
 -0.1648E+04
  0.2089E+00
  0.1257E-04
  0.1648E+04
  0.2800E+04  0.3000E+03  0.1501E-05  0.1289E-01  0.3523E-01  0.7506E+00  0.2012E+00  0.1013E+06  0.1250E+01  0.2640E+26  0.2852E-01  0.0000E+00 -0.2915E+03 -0.0000E+00 -0.0000E+00  0.3306E+07  0.2490E+07
 -0.1832E+00
 -0.2380E+04
  0.3925E+00
  0.2633E-04
  0.2380E+04
  0.2850E+04  0.3000E+03  0.2160E-05  0.1552E-01  0.3736E-01  0.7496E+00  0.1975E+00  0.1013E+06  0.1250E+01  0.2646E+26  0.2845E-01  0.0000E+00 -0.2922E+03 -0.0000E+00 -0.0000E+00  0.3420E+07  0.2587E+07
 -0.3380E+00
 -0.3389E+04
  0.7239E+00
  0.5388E-04
  0.3388E+04
  0.2900E+04  0.3000E+03  0.3069E-05  0.1853E-01  0.3947E-01  0.7487E+00  0.1933E+00  0.1013E+06  0.1250E+01  0.2653E+26  0.2838E-01  0.0000E+00 -0.2930E+03 -0.0000E+00 -0.0000E+00  0.3539E+07  0.2690E+07
 -0.6125E+00
 -0.4760E+04
  0.1312E+01
  0.1079E-03
  0.4759E+04
  0.2950E+04  0.3000E+03  0.4312E-05  0.2196E-01  0.4155E-01  0.7477E+00  0.1888E+00  0.1013E+06  0.1250E+01  0.2661E+26  0.2829E-01  0.0000E+00 -0.2939E+03 -0.0000E+00 -0.0000E+00  0.3666E+07  0.2799E+07
 -0.1091E+01
 -0.6598E+04
  0.2338E+01
  0.2116E-03
  0.6596E+04
  0.3000E+04  0.3000E+03  0.5992E-05  0.2584E-01  0.4358E-01  0.7467E+00  0.1838E+00  0.1013E+06  0.1250E+01  0.2670E+26  0.2819E-01  0.0000E+00 -0.2949E+03 -0.0000E+00 -0.0000E+00  0.3800E+07  0.2915E+07
 -0.1913E+01
 -0.9028E+04
  0.4097E+01
  0.4071E-03
  0.9026E+04
  0.3050E+04  0.3000E+03  0.8239E-05  0.3020E-01  0.4555E-01  0.7458E+00  0.1784E+00  0.1013E+06  0.1250E+01  0.2680E+26  0.2809E-01  0.0000E+00 -0.2960E+03 -0.0000E+00 -0.0000E+00  0.3941E+07  0.3038E+07
 -0.3298E+01
 -0.1220E+05
  0.7063E+01
  0.7691E-03
  0.1220E+05
  0.3100E+04  0.3000E+03  0.1122E-04  0.3504E-01  0.4744E-01  0.7449E+00  0.1726E+00  0.1013E+06  0.1250E+01  0.2692E+26  0.2797E-01  0.0000E+00 -0.2973E+03 -0.0000E+00 -0.0000E+00  0.4090E+07  0.3168E+07
 -0.5595E+01
 -0.1629E+05
  0.1198E+02
  0.1428E-02
  0.1628E+05
  0.3150E+04  0.3000E+03  0.1513E-04  0.4038E-01  0.4921E-01  0.7441E+00  0.1663E+00  0.1013E+06  0.1250E+01  0.2704E+26  0.2784E-01  0.0000E+00 -0.2987E+03 -0.0000E+00 -0.0000E+00  0.4247E+07  0.3306E+07
 -0.9343E+01
 -0.2148E+05
  0.2001E+02
  0.2609E-02
  0.2147E+05
  0.3200E+04  0.3000E+03  0.2022E-04  0.4623E-01  0.5086E-01  0.7433E+00  0.1596E+00  0.1013E+06  0.1250E+01  0.2718E+26  0.2770E-01  0.0000E+00 -0.3002E+03 -0.0000E+00 -0.0000E+00  0.4411E+07  0.3450E+07
 -0.1536E+02
 -0.2799E+05
  0.3289E+02
  0.4693E-02
  0.2797E+05
  0.3250E+04  0.3000E+03  0.2680E-04  0.5256E-01  0.5236E-01  0.7426E+00  0.1524E+00  0.1013E+06  0.1250E+01  0.2733E+26  0.2754E-01  0.0000E+00 -0.3019E+03 -0.0000E+00 -0.0000E+00  0.4583E+07  0.3602E+07
 -0.2485E+02
 -0.3603E+05
  0.5321E+02
  0.8313E-02
  0.3600E+05
  0.3300E+04  0.3000E+03  0.3522E-04  0.5936E-01  0.5369E-01  0.7420E+00  0.1449E+00  0.1013E+06  0.1250E+01  0.2749E+26  0.2738E-01  0.0000E+00 -0.3036E+03 -0.0000E+00 -0.0000E+00  0.4762E+07  0.3760E+07
 -0.3957E+02
 -0.4583E+05
  0.8473E+02
  0.1451E-01
  0.4579E+05
  0.3350E+04  0.3000E+03  0.4594E-04  0.6660E-01  0.5484E-01  0.7414E+00  0.1371E+00  0.1013E+06  0.1250E+01  0.2766E+26  0.2721E-01  0.0000E+00 -0.3055E+03 -0.0000E+00 -0.0000E+00  0.4948E+07  0.3925E+07
 -0.6201E+02
 -0.5760E+05
  0.1328E+03
  0.2498E-01
  0.5752E+05
  0.3400E+04  0.3000E+03  0.5947E-04  0.7423E-01  0.5577E-01  0.7410E+00  0.1290E+00  0.1013E+06  0.1250E+01  0.2784E+26  0.2704E-01  0.0000E+00 -0.3075E+03 -0.0000E+00 -0.0000E+00  0.5140E+07  0.4094E+07
 -0.9565E+02
 -0.7150E+05
  0.2048E+03
  0.4240E-01
  0.7139E+05
  0.3450E+04  0.3000E+03  0.7645E-04  0.8218E-01  0.5649E-01  0.7406E+00  0.1206E+00  0.1013E+06  0.1250E+01  0.2803E+26  0.2686E-01  0.0000E+00 -0.3096E+03 -0.0000E+00 -0.0000E+00  0.5336E+07  0.4268E+07
 -0.1452E+03
 -0.8766E+05
  0.3109E+03
  0.7100E-01
  0.8749E+05
  0.3500E+04  0.3000E+03  0.9759E-04  0.9038E-01  0.5697E-01  0.7404E+00  0.1122E+00  0.1013E+06  0.1250E+01  0.2822E+26  0.2667E-01  0.0000E+00 -0.3117E+03 -0.0000E+00 -0.0000E+00  0.5536E+07  0.4445E+07
 -0.2169E+03
 -0.1061E+06
  0.4643E+03
  0.1173E+00
  0.1059E+06
  0.3550E+04  0.3000E+03  0.1238E-03  0.9874E-01  0.5721E-01  0.7403E+00  0.1037E+00  0.1013E+06  0.1250E+01  0.2842E+26  0.2649E-01  0.0000E+00 -0.3139E+03 -0.0000E+00 -0.0000E+00  0.5738E+07  0.4624E+07
 -0.3187E+03
 -0.1269E+06
  0.6824E+03
  0.1912E+00
  0.1265E+06
  0.3600E+04  0.3000E+03  0.1560E-03  0.1072E+00  0.5721E-01  0.7402E+00  0.9523E-01  0.1013E+06  0.1250E+01  0.2862E+26  0.2630E-01  0.0000E+00 -0.3161E+03 -0.0000E+00 -0.0000E+00  0.5941E+07  0.4803E+07
 -0.4609E+03
 -0.1498E+06
  0.9868E+03
  0.3076E+00
  0.1493E+06
  0.3650E+04  0.3000E+03  0.1953E-03  0.1156E+00  0.5697E-01  0.7403E+00  0.8694E-01  0.1013E+06  0.1250E+01  0.2882E+26  0.2612E-01  0.0000E+00 -0.3183E+03 -0.0000E+00 -0.0000E+00  0.6143E+07  0.4982E+07
 -0.6561E+03
 -0.1746E+06
  0.1404E+04
  0.4883E+00
  0.1738E+06
  0.3700E+04  0.3000E+03  0.2432E-03  0.1239E+00  0.5649E-01  0.7405E+00  0.7889E-01  0.1013E+06  0.1250E+01  0.2901E+26  0.2595E-01  0.0000E+00 -0.3205E+03 -0.0000E+00 -0.0000E+00  0.6343E+07  0.5158E+07
 -0.9192E+03
 -0.2009E+06
  0.1968E+04
  0.7654E+00
  0.1999E+06
  0.3750E+04  0.3000E+03  0.3010E-03  0.1320E+00  0.5580E-01  0.7407E+00  0.7117E-01  0.1013E+06  0.1250E+01  0.2921E+26  0.2577E-01  0.0000E+00 -0.3226E+03 -0.0000E+00 -0.0000E+00  0.6540E+07  0.5330E+07
 -0.1268E+04
 -0.2285E+06
  0.2714E+04
  0.1184E+01
  0.2270E+06
  0.3800E+04  0.3000E+03  0.3706E-03  0.1398E+00  0.5491E-01  0.7411E+00  0.6384E-01  0.1013E+06  0.1250E+01  0.2939E+26  0.2561E-01  0.0000E+00 -0.3246E+03 -0.0000E+00 -0.0000E+00  0.6731E+07  0.5498E+07
 -0.1724E+04
 -0.2566E+06
  0.3689E+04
  0.1809E+01
  0.2547E+06
  0.3850E+04  0.3000E+03  0.4538E-03  0.1472E+00  0.5384E-01  0.7415E+00  0.5697E-01  0.1013E+06  0.1250E+01  0.2957E+26  0.2546E-01  0.0000E+00 -0.3266E+03 -0.0000E+00 -0.0000E+00  0.6917E+07  0.5660E+07
 -0.2309E+04
 -0.2850E+06
  0.4941E+04
  0.2731E+01
  0.2823E+06
  0.3900E+04  0.3000E+03  0.5528E-03  0.1543E+00  0.5262E-01  0.7420E+00  0.5060E-01  0.1013E+06  0.1250E+01  0.2974E+26  0.2532E-01  0.0000E+00 -0.3284E+03 -0.0000E+00 -0.0000E+00  0.7096E+07  0.5815E+07
 -0.3050E+04
 -0.3130E+06
  0.6526E+04
  0.4072E+01
  0.3095E+06
  0.3950E+04  0.3000E+03  0.6700E-03  0.1608E+00  0.5126E-01  0.7425E+00  0.4476E-01  0.1013E+06  0.1250E+01  0.2989E+26  0.2518E-01  0.0000E+00 -0.3302E+03 -0.0000E+00 -0.0000E+00  0.7269E+07  0.5964E+07
 -0.3977E+04
 -0.3404E+06
  0.8507E+04
  0.6000E+01
  0.3358E+06
  0.4000E+04  0.3000E+03  0.8081E-03  0.1669E+00  0.4981E-01  0.7430E+00  0.3944E-01  0.1013E+06  0.1250E+01  0.3004E+26  0.2506E-01  0.0000E+00 -0.3318E+03 -0.0000E+00 -0.0000E+00  0.7434E+07  0.6107E+07
 -0.5122E+04
 -0.3666E+06
  0.1095E+05
  0.8742E+01
  0.3608E+06
  0.4050E+04  0.3000E+03  0.9702E-03  0.1725E+00  0.4828E-01  0.7436E+00  0.3465E-01  0.1013E+06  0.1250E+01  0.3018E+26  0.2495E-01  0.0000E+00 -0.3333E+03 -0.0000E+00 -0.0000E+00  0.7592E+07  0.6242E+07
 -0.6519E+04
 -0.3916E+06
  0.1394E+05
  0.1260E+02
  0.3841E+06
  0.4100E+04  0.3000E+03  0.1159E-02  0.1776E+00  0.4671E-01  0.7441E+00  0.3036E-01  0.1013E+06  0.1250E+01  0.3030E+26  0.2484E-01  0.0000E+00 -0.3347E+03 -0.0000E+00 -0.0000E+00  0.7743E+07  0.6371E+07
 -0.8210E+04
 -0.4150E+06
  0.1755E+05
  0.1797E+02
  0.4057E+06
  0.4150E+04  0.3000E+03  0.1380E-02  0.1823E+00  0.4510E-01  0.7447E+00  0.2656E-01  0.1013E+06  0.1250E+01  0.3042E+26  0.2475E-01  0.0000E+00 -0.3360E+03 -0.0000E+00 -0.0000E+00  0.7888E+07  0.6493E+07
 -0.1024E+05
 -0.4369E+06
  0.2187E+05
  0.2537E+02
  0.4253E+06
  0.4200E+04  0.3000E+03  0.1635E-02  0.1865E+00  0.4348E-01  0.7452E+00  0.2320E-01  0.1013E+06  0.1250E+01  0.3052E+26  0.2466E-01  0.0000E+00 -0.3371E+03 -0.0000E+00 -0.0000E+00  0.8026E+07  0.6610E+07
 -0.1264E+05
 -0.4573E+06
  0.2701E+05
  0.3547E+02
  0.4429E+06
  0.4250E+04  0.3000E+03  0.1929E-02  0.1903E+00  0.4187E-01  0.7456E+00  0.2024E-01  0.1013E+06  0.1250E+01  0.3062E+26  0.2458E-01  0.0000E+00 -0.3382E+03 -0.0000E+00 -0.0000E+00  0.8160E+07  0.6723E+07
 -0.1549E+05
 -0.4762E+06
  0.3307E+05
  0.4915E+02
  0.4585E+06
  0.4300E+04  0.3000E+03  0.2268E-02  0.1938E+00  0.4028E-01  0.7460E+00  0.1766E-01  0.1013E+06  0.1250E+01  0.3071E+26  0.2451E-01  0.0000E+00 -0.3392E+03 -0.0000E+00 -0.0000E+00  0.8289E+07  0.6831E+07
 -0.1883E+05
 -0.4938E+06
  0.4018E+05
  0.6751E+02
  0.4723E+06
  0.4350E+04  0.3000E+03  0.2656E-02  0.1969E+00  0.3872E-01  0.7464E+00  0.1540E-01  0.1013E+06  0.1250E+01  0.3079E+26  0.2444E-01  0.0000E+00 -0.3401E+03 -0.0000E+00 -0.0000E+00  0.8415E+07  0.6935E+07
 -0.2272E+05
 -0.5102E+06
  0.4848E+05
  0.9195E+02
  0.4844E+06
  0.4400E+04  0.3000E+03  0.3099E-02  0.1996E+00  0.3721E-01  0.7466E+00  0.1344E-01  0.1013E+06  0.1250E+01  0.3087E+26  0.2438E-01  0.0000E+00 -0.3410E+03 -0.0000E+00 -0.0000E+00  0.8538E+07  0.7037E+07
 -0.2725E+05
 -0.5258E+06
  0.5810E+05
  0.1243E+03
  0.4948E+06
  0.4450E+04  0.3000E+03  0.3603E-02  0.2021E+00  0.3573E-01  0.7468E+00  0.1173E-01  0.1013E+06  0.1250E+01  0.3094E+26  0.2433E-01  0.0000E+00 -0.3418E+03 -0.0000E+00 -0.0000E+00  0.8658E+07  0.7137E+07
 -0.3248E+05
 -0.5406E+06
  0.6922E+05
  0.1667E+03
  0.5037E+06
  0.4500E+04  0.3000E+03  0.4175E-02  0.2044E+00  0.3431E-01  0.7469E+00  0.1025E-01  0.1013E+06  0.1250E+01  0.3101E+26  0.2427E-01  0.0000E+00 -0.3425E+03 -0.0000E+00 -0.0000E+00  0.8777E+07  0.7236E+07
 -0.3851E+05
 -0.5551E+06
  0.8202E+05
  0.2219E+03
  0.5113E+06
  0.4550E+04  0.3000E+03  0.4822E-02  0.2064E+00  0.3293E-01  0.7469E+00  0.8970E-02  0.1013E+06  0.1250E+01  0.3108E+26  0.2422E-01  0.0000E+00 -0.3433E+03 -0.0000E+00 -0.0000E+00  0.8895E+07  0.7333E+07
 -0.4543E+05
 -0.5693E+06
  0.9670E+05
  0.2935E+03
  0.5178E+06
  0.4600E+04  0.3000E+03  0.5551E-02  0.2082E+00  0.3162E-01  0.7468E+00  0.7857E-02  0.1013E+06  0.1250E+01  0.3114E+26  0.2417E-01  0.0000E+00 -0.3439E+03 -0.0000E+00 -0.0000E+00  0.9013E+07  0.7431E+07
 -0.5336E+05
 -0.5837E+06
  0.1135E+06
  0.3857E+03
  0.5232E+06
  0.4650E+04  0.3000E+03  0.6372E-02  0.2098E+00  0.3035E-01  0.7465E+00  0.6892E-02  0.1013E+06  0.1250E+01  0.3120E+26  0.2413E-01  0.0000E+00 -0.3446E+03 -0.0000E+00 -0.0000E+00  0.9132E+07  0.7530E+07
 -0.6241E+05
 -0.5984E+06
  0.1326E+06
  0.5037E+03
  0.5277E+06
  0.4700E+04  0.3000E+03  0.7292E-02  0.2113E+00  0.2914E-01  0.7462E+00  0.6054E-02  0.1013E+06  0.1250E+01  0.3126E+26  0.2408E-01  0.0000E+00 -0.3453E+03 -0.0000E+00 -0.0000E+00  0.9252E+07  0.7629E+07
 -0.7272E+05
 -0.6138E+06
  0.1544E+06
  0.6539E+03
  0.5314E+06
  0.4750E+04  0.3000E+03  0.8320E-02  0.2127E+00  0.2798E-01  0.7457E+00  0.5327E-02  0.1013E+06  0.1250E+01  0.3132E+26  0.2404E-01  0.0000E+00 -0.3459E+03 -0.0000E+00 -0.0000E+00  0.9373E+07  0.7730E+07
 -0.8443E+05
 -0.6300E+06
  0.1791E+06
  0.8440E+03
  0.5345E+06
  0.4800E+04  0.3000E+03  0.9468E-02  0.2139E+00  0.2688E-01  0.7451E+00  0.4694E-02  0.1013E+06  0.1250E+01  0.3138E+26  0.2399E-01  0.0000E+00 -0.3466E+03 -0.0000E+00 -0.0000E+00  0.9497E+07  0.7834E+07
 -0.9771E+05
 -0.6475E+06
  0.2070E+06
  0.1084E+04
  0.5371E+06
  0.4850E+04  0.3000E+03  0.1075E-01  0.2150E+00  0.2582E-01  0.7443E+00  0.4144E-02  0.1013E+06  0.1250E+01  0.3144E+26  0.2394E-01  0.0000E+00 -0.3472E+03 -0.0000E+00 -0.0000E+00  0.9624E+07  0.7940E+07
 -0.1127E+06
 -0.6664E+06
  0.2386E+06
  0.1384E+04
  0.5392E+06
  0.4900E+04  0.3000E+03  0.1216E-01  0.2160E+00  0.2482E-01  0.7433E+00  0.3665E-02  0.1013E+06  0.1250E+01  0.3150E+26  0.2390E-01  0.0000E+00 -0.3479E+03 -0.0000E+00 -0.0000E+00  0.9755E+07  0.8050E+07
 -0.1297E+06
 -0.6871E+06
  0.2742E+06
  0.1759E+04
  0.5409E+06
  0.4950E+04  0.3000E+03  0.1373E-01  0.2170E+00  0.2385E-01  0.7422E+00  0.3247E-02  0.1013E+06  0.1250E+01  0.3156E+26  0.2385E-01  0.0000E+00 -0.3486E+03 -0.0000E+00 -0.0000E+00  0.9890E+07  0.8164E+07
 -0.1489E+06
 -0.7099E+06
  0.3142E+06
  0.2225E+04
  0.5424E+06
  0.5000E+04  0.3000E+03  0.1547E-01  0.2178E+00  0.2294E-01  0.7409E+00  0.2881E-02  0.1013E+06  0.1250E+01  0.3163E+26  0.2380E-01  0.0000E+00 -0.3494E+03 -0.0000E+00 -0.0000E+00  0.1003E+08  0.8283E+07
 -0.1705E+06
 -0.7352E+06
  0.3593E+06
  0.2802E+04
  0.5436E+06
  0.5050E+04  0.3000E+03  0.1738E-01  0.2186E+00  0.2206E-01  0.7394E+00  0.2561E-02  0.1013E+06  0.1250E+01  0.3170E+26  0.2375E-01  0.0000E+00 -0.3502E+03 -0.0000E+00 -0.0000E+00  0.1017E+08  0.8406E+07
 -0.1949E+06
 -0.7632E+06
  0.4099E+06
  0.3512E+04
  0.5446E+06
  0.5100E+04  0.3000E+03  0.1948E-01  0.2193E+00  0.2122E-01  0.7377E+00  0.2280E-02  0.1013E+06  0.1250E+01  0.3178E+26  0.2369E-01  0.0000E+00 -0.3510E+03 -0.0000E+00 -0.0000E+00  0.1033E+08  0.8535E+07
 -0.2222E+06
 -0.7944E+06
  0.4667E+06
  0.4385E+04
  0.5456E+06
  0.5150E+04  0.3000E+03  0.2179E-01  0.2200E+00  0.2042E-01  0.7358E+00  0.2034E-02  0.1013E+06  0.1250E+01  0.3185E+26  0.2363E-01  0.0000E+00 -0.3518E+03 -0.0000E+00 -0.0000E+00  0.1048E+08  0.8671E+07
 -0.2530E+06
 -0.8292E+06
  0.5303E+06
  0.5453E+04
  0.5465E+06
  0.5200E+04  0.3000E+03  0.2432E-01  0.2206E+00  0.1966E-01  0.7336E+00  0.1817E-02  0.1013E+06  0.1250E+01  0.3194E+26  0.2357E-01  0.0000E+00 -0.3527E+03 -0.0000E+00 -0.0000E+00  0.1065E+08  0.8813E+07
 -0.2875E+06
 -0.8680E+06
  0.6015E+06
  0.6755E+04
  0.5473E+06
  0.5250E+04  0.3000E+03  0.2708E-01  0.2212E+00  0.1893E-01  0.7312E+00  0.1626E-02  0.1013E+06  0.1250E+01  0.3202E+26  0.2351E-01  0.0000E+00 -0.3537E+03 -0.0000E+00 -0.0000E+00  0.1082E+08  0.8962E+07
 -0.3263E+06
 -0.9114E+06
  0.6811E+06
  0.8338E+04
  0.5482E+06
  0.5300E+04  0.3000E+03  0.3010E-01  0.2217E+00  0.1823E-01  0.7285E+00  0.1458E-02  0.1013E+06  0.1250E+01  0.3212E+26  0.2344E-01  0.0000E+00 -0.3547E+03 -0.0000E+00 -0.0000E+00  0.1100E+08  0.9120E+07
 -0.3697E+06
 -0.9598E+06
  0.7701E+06
  0.1025E+05
  0.5492E+06
  0.5350E+04  0.3000E+03  0.3338E-01  0.2222E+00  0.1755E-01  0.7255E+00  0.1309E-02  0.1013E+06  0.1250E+01  0.3222E+26  0.2337E-01  0.0000E+00 -0.3558E+03 -0.0000E+00 -0.0000E+00  0.1119E+08  0.9286E+07
 -0.4184E+06
 -0.1014E+07
  0.8694E+06
  0.1257E+05
  0.5503E+06
  0.5400E+04  0.3000E+03  0.3695E-01  0.2227E+00  0.1691E-01  0.7222E+00  0.1176E-02  0.1013E+06  0.1250E+01  0.3232E+26  0.2329E-01  0.0000E+00 -0.3570E+03 -0.0000E+00 -0.0000E+00  0.1139E+08  0.9461E+07
 -0.4730E+06
 -0.1074E+07
  0.9803E+06
  0.1536E+05
  0.5515E+06
  0.5450E+04  0.3000E+03  0.4082E-01  0.2232E+00  0.1630E-01  0.7187E+00  0.1059E-02  0.1013E+06  0.1250E+01  0.3244E+26  0.2321E-01  0.0000E+00 -0.3583E+03 -0.0000E+00 -0.0000E+00  0.1160E+08  0.9647E+07
 -0.5340E+06
 -0.1142E+07
  0.1104E+07
  0.1870E+05
  0.5529E+06
  0.5500E+04  0.3000E+03  0.4501E-01  0.2236E+00  0.1570E-01  0.7147E+00  0.9552E-03  0.1013E+06  0.1250E+01  0.3256E+26  0.2312E-01  0.0000E+00 -0.3596E+03 -0.0000E+00 -0.0000E+00  0.1182E+08  0.9842E+07
 -0.6024E+06
 -0.1217E+07
  0.1242E+07
  0.2271E+05
  0.5545E+06
  0.5550E+04  0.3000E+03  0.4954E-01  0.2240E+00  0.1513E-01  0.7105E+00  0.8625E-03  0.1013E+06  0.1250E+01  0.3269E+26  0.2303E-01  0.0000E+00 -0.3611E+03 -0.0000E+00 -0.0000E+00  0.1205E+08  0.1005E+08
 -0.6789E+06
 -0.1300E+07
  0.1395E+07
  0.2749E+05
  0.5563E+06
  0.5600E+04  0.3000E+03  0.5442E-01  0.2244E+00  0.1459E-01  0.7059E+00  0.7799E-03  0.1013E+06  0.1250E+01  0.3283E+26  0.2293E-01  0.0000E+00 -0.3626E+03 -0.0000E+00 -0.0000E+00  0.1230E+08  0.1027E+08
 -0.7644E+06
 -0.1394E+07
  0.1566E+07
  0.3319E+05
  0.5584E+06
  0.5650E+04  0.3000E+03  0.5968E-01  0.2247E+00  0.1406E-01  0.7008E+00  0.7061E-03  0.1013E+06  0.1250E+01  0.3298E+26  0.2282E-01  0.0000E+00 -0.3643E+03 -0.0000E+00 -0.0000E+00  0.1256E+08  0.1050E+08
 -0.8600E+06
 -0.1497E+07
  0.1757E+07
  0.3995E+05
  0.5607E+06
  0.5700E+04  0.3000E+03  0.6533E-01  0.2251E+00  0.1355E-01  0.6954E+00  0.6400E-03  0.1013E+06  0.1250E+01  0.3314E+26  0.2271E-01  0.0000E+00 -0.3661E+03 -0.0000E+00 -0.0000E+00  0.1283E+08  0.1074E+08
 -0.9668E+06
 -0.1613E+07
  0.1968E+07
  0.4797E+05
  0.5633E+06
  0.5750E+04  0.3000E+03  0.7139E-01  0.2254E+00  0.1306E-01  0.6896E+00  0.5809E-03  0.1013E+06  0.1250E+01  0.3331E+26  0.2260E-01  0.0000E+00 -0.3679E+03 -0.0000E+00 -0.0000E+00  0.1312E+08  0.1100E+08
 -0.1086E+07
 -0.1741E+07
  0.2204E+07
  0.5745E+05
  0.5662E+06
  0.5800E+04  0.3000E+03  0.7789E-01  0.2257E+00  0.1259E-01  0.6833E+00  0.5279E-03  0.1013E+06  0.1250E+01  0.3349E+26  0.2247E-01  0.0000E+00 -0.3699E+03 -0.0000E+00 -0.0000E+00  0.1342E+08  0.1127E+08
 -0.1219E+07
 -0.1884E+07
  0.2465E+07
  0.6862E+05
  0.5694E+06
  0.5850E+04  0.3000E+03  0.8483E-01  0.2260E+00  0.1213E-01  0.6766E+00  0.4802E-03  0.1013E+06  0.1250E+01  0.3369E+26  0.2235E-01  0.0000E+00 -0.3721E+03 -0.0000E+00 -0.0000E+00  0.1374E+08  0.1156E+08
 -0.1368E+07
 -0.2042E+07
  0.2755E+07
  0.8176E+05
  0.5730E+06
  0.5900E+04  0.3000E+03  0.9223E-01  0.2262E+00  0.1169E-01  0.6694E+00  0.4373E-03  0.1013E+06  0.1250E+01  0.3389E+26  0.2221E-01  0.0000E+00 -0.3744E+03 -0.0000E+00 -0.0000E+00  0.1407E+08  0.1186E+08
 -0.1533E+07
 -0.2217E+07
  0.3076E+07
  0.9717E+05
  0.5769E+06
  0.5950E+04  0.3000E+03  0.1001E+00  0.2265E+00  0.1126E-01  0.6617E+00  0.3987E-03  0.1013E+06  0.1250E+01  0.3411E+26  0.2207E-01  0.0000E+00 -0.3768E+03 -0.0000E+00 -0.0000E+00  0.1442E+08  0.1218E+08
 -0.1718E+07
 -0.2412E+07
  0.3433E+07
  0.1152E+06
  0.5812E+06
  0.6000E+04  0.3000E+03  0.1085E+00  0.2268E+00  0.1085E-01  0.6535E+00  0.3639E-03  0.1013E+06  0.1250E+01  0.3434E+26  0.2192E-01  0.0000E+00 -0.3793E+03 -0.0000E+00 -0.0000E+00  0.1479E+08  0.1252E+08
 -0.1923E+07
 -0.2626E+07
  0.3827E+07
  0.1363E+06
  0.5859E+06
  0.6050E+04  0.3000E+03  0.1174E+00  0.2270E+00  0.1045E-01  0.6448E+00  0.3324E-03  0.1013E+06  0.1250E+01  0.3459E+26  0.2176E-01  0.0000E+00 -0.3820E+03 -0.0000E+00 -0.0000E+00  0.1518E+08  0.1287E+08
 -0.2151E+07
 -0.2864E+07
  0.4263E+07
  0.1608E+06
  0.5910E+06
  0.6100E+04  0.3000E+03  0.1268E+00  0.2272E+00  0.1006E-01  0.6356E+00  0.3040E-03  0.1013E+06  0.1250E+01  0.3485E+26  0.2160E-01  0.0000E+00 -0.3849E+03 -0.0000E+00 -0.0000E+00  0.1559E+08  0.1324E+08
 -0.2404E+07
 -0.3126E+07
  0.4744E+07
  0.1892E+06
  0.5965E+06
  0.6150E+04  0.3000E+03  0.1367E+00  0.2275E+00  0.9683E-02  0.6258E+00  0.2782E-03  0.1013E+06  0.1250E+01  0.3512E+26  0.2144E-01  0.0000E+00 -0.3879E+03 -0.0000E+00 -0.0000E+00  0.1601E+08  0.1363E+08
 -0.2684E+07
 -0.3415E+07
  0.5275E+07
  0.2221E+06
  0.6023E+06
  0.6200E+04  0.3000E+03  0.1472E+00  0.2277E+00  0.9316E-02  0.6155E+00  0.2549E-03  0.1013E+06  0.1250E+01  0.3541E+26  0.2126E-01  0.0000E+00 -0.3911E+03 -0.0000E+00 -0.0000E+00  0.1646E+08  0.1403E+08
 -0.2995E+07
 -0.3733E+07
  0.5859E+07
  0.2601E+06
  0.6086E+06
  0.6250E+04  0.3000E+03  0.1583E+00  0.2279E+00  0.8960E-02  0.6046E+00  0.2337E-03  0.1013E+06  0.1250E+01  0.3571E+26  0.2108E-01  0.0000E+00 -0.3944E+03 -0.0000E+00 -0.0000E+00  0.1692E+08  0.1446E+08
 -0.3338E+07
 -0.4082E+07
  0.6501E+07
  0.3038E+06
  0.6153E+06
  0.6300E+04  0.3000E+03  0.1699E+00  0.2281E+00  0.8614E-02  0.5932E+00  0.2145E-03  0.1013E+06  0.1250E+01  0.3602E+26  0.2090E-01  0.0000E+00 -0.3979E+03 -0.0000E+00 -0.0000E+00  0.1741E+08  0.1490E+08
 -0.3717E+07
 -0.4464E+07
  0.7205E+07
  0.3538E+06
  0.6224E+06
  0.6350E+04  0.3000E+03  0.1820E+00  0.2283E+00  0.8277E-02  0.5812E+00  0.1970E-03  0.1013E+06  0.1250E+01  0.3635E+26  0.2071E-01  0.0000E+00 -0.4015E+03 -0.0000E+00 -0.0000E+00  0.1792E+08  0.1537E+08
 -0.4134E+07
 -0.4882E+07
  0.7975E+07
  0.4111E+06
  0.6299E+06
  0.6400E+04  0.3000E+03  0.1947E+00  0.2285E+00  0.7950E-02  0.5687E+00  0.1811E-03  0.1013E+06  0.1250E+01  0.3670E+26  0.2051E-01  0.0000E+00 -0.4053E+03 -0.0000E+00 -0.0000E+00  0.1844E+08  0.1585E+08
 -0.4592E+07
 -0.5339E+07
  0.8817E+07
  0.4762E+06
  0.6378E+06
  0.6450E+04  0.3000E+03  0.2079E+00  0.2287E+00  0.7632E-02  0.5556E+00  0.1666E-03  0.1013E+06  0.1250E+01  0.3706E+26  0.2031E-01  0.0000E+00 -0.4093E+03 -0.0000E+00 -0.0000E+00  0.1899E+08  0.1635E+08
 -0.5093E+07
 -0.5836E+07
  0.9733E+07
  0.5501E+06
  0.6460E+06
  0.6500E+04  0.3000E+03  0.2216E+00  0.2289E+00  0.7322E-02  0.5420E+00  0.1534E-03  0.1013E+06  0.1250E+01  0.3743E+26  0.2011E-01  0.0000E+00 -0.4134E+03 -0.0000E+00 -0.0000E+00  0.1955E+08  0.1686E+08
 -0.5642E+07
 -0.6375E+07
  0.1073E+08
  0.6335E+06
  0.6547E+06
  0.6550E+04  0.3000E+03  0.2359E+00  0.2290E+00  0.7021E-02  0.5279E+00  0.1414E-03  0.1013E+06  0.1250E+01  0.3782E+26  0.1991E-01  0.0000E+00 -0.4177E+03 -0.0000E+00 -0.0000E+00  0.2014E+08  0.1740E+08
 -0.6239E+07
 -0.6959E+07
  0.1181E+08
  0.7273E+06
  0.6636E+06
  0.6600E+04  0.3000E+03  0.2506E+00  0.2292E+00  0.6728E-02  0.5134E+00  0.1304E-03  0.1013E+06  0.1250E+01  0.3822E+26  0.1970E-01  0.0000E+00 -0.4221E+03 -0.0000E+00 -0.0000E+00  0.2074E+08  0.1795E+08
 -0.6888E+07
 -0.7590E+07
  0.1297E+08
  0.8323E+06
  0.6729E+06
  0.6650E+04  0.3000E+03  0.2658E+00  0.2294E+00  0.6444E-02  0.4983E+00  0.1204E-03  0.1013E+06  0.1250E+01  0.3863E+26  0.1949E-01  0.0000E+00 -0.4267E+03 -0.0000E+00 -0.0000E+00  0.2136E+08  0.1852E+08
 -0.7590E+07
 -0.8267E+07
  0.1423E+08
  0.9493E+06
  0.6824E+06
  0.6700E+04  0.3000E+03  0.2813E+00  0.2295E+00  0.6167E-02  0.4829E+00  0.1112E-03  0.1013E+06  0.1250E+01  0.3905E+26  0.1928E-01  0.0000E+00 -0.4313E+03 -0.0000E+00 -0.0000E+00  0.2199E+08  0.1910E+08
 -0.8347E+07
 -0.8994E+07
  0.1557E+08
  0.1079E+07
  0.6922E+06
  0.6750E+04  0.3000E+03  0.2973E+00  0.2297E+00  0.5898E-02  0.4670E+00  0.1028E-03  0.1013E+06  0.1250E+01  0.3948E+26  0.1906E-01  0.0000E+00 -0.4361E+03 -0.0000E+00 -0.0000E+00  0.2264E+08  0.1969E+08
 -0.9160E+07
 -0.9769E+07
  0.1701E+08
  0.1222E+07
  0.7022E+06
  0.6800E+04  0.3000E+03  0.3136E+00  0.2298E+00  0.5637E-02  0.4508E+00  0.9515E-04  0.1013E+06  0.1250E+01  0.3993E+26  0.1885E-01  0.0000E+00 -0.4410E+03 -0.0000E+00 -0.0000E+00  0.2330E+08  0.2030E+08
 -0.1003E+08
 -0.1059E+08
  0.1853E+08
  0.1378E+07
  0.7123E+06
  0.6850E+04  0.3000E+03  0.3302E+00  0.2300E+00  0.5384E-02  0.4344E+00  0.8813E-04  0.1013E+06  0.1250E+01  0.4038E+26  0.1864E-01  0.0000E+00 -0.4460E+03 -0.0000E+00 -0.0000E+00  0.2397E+08  0.2092E+08
 -0.1096E+08
 -0.1147E+08
  0.2015E+08
  0.1549E+07
  0.7226E+06
  0.6900E+04  0.3000E+03  0.3470E+00  0.2301E+00  0.5138E-02  0.4177E+00  0.8170E-04  0.1013E+06  0.1250E+01  0.4083E+26  0.1844E-01  0.0000E+00 -0.4510E+03 -0.0000E+00 -0.0000E+00  0.2465E+08  0.2154E+08
 -0.1194E+08
 -0.1239E+08
  0.2186E+08
  0.1734E+07
  0.7330E+06
  0.6950E+04  0.3000E+03  0.3640E+00  0.2302E+00  0.4900E-02  0.4008E+00  0.7581E-04  0.1013E+06  0.1250E+01  0.4129E+26  0.1823E-01  0.0000E+00 -0.4561E+03 -0.0000E+00 -0.0000E+00  0.2534E+08  0.2217E+08
 -0.1297E+08
 -0.1335E+08
  0.2365E+08
  0.1933E+07
  0.7434E+06
  0.7000E+04  0.3000E+03  0.3811E+00  0.2304E+00  0.4670E-02  0.3838E+00  0.7041E-04  0.1013E+06  0.1250E+01  0.4175E+26  0.1803E-01  0.0000E+00 -0.4612E+03 -0.0000E+00 -0.0000E+00  0.2604E+08  0.2281E+08
 -0.1406E+08
 -0.1436E+08
  0.2552E+08
  0.2146E+07
  0.7537E+06
  0.7050E+04  0.3000E+03  0.3982E+00  0.2305E+00  0.4447E-02  0.3668E+00  0.6546E-04  0.1013E+06  0.1250E+01  0.4222E+26  0.1783E-01  0.0000E+00 -0.4663E+03 -0.0000E+00 -0.0000E+00  0.2673E+08  0.2344E+08
 -0.1519E+08
 -0.1541E+08
  0.2747E+08
  0.2371E+07
  0.7640E+06
  0.7100E+04  0.3000E+03  0.4153E+00  0.2306E+00  0.4232E-02  0.3498E+00  0.6092E-04  0.1013E+06  0.1250E+01  0.4268E+26  0.1764E-01  0.0000E+00 -0.4714E+03 -0.0000E+00 -0.0000E+00  0.2743E+08  0.2408E+08
 -0.1637E+08
 -0.1650E+08
  0.2948E+08
  0.2609E+07
  0.7741E+06
  0.7150E+04  0.3000E+03  0.4323E+00  0.2307E+00  0.4025E-02  0.3329E+00  0.5674E-04  0.1013E+06  0.1250E+01  0.4314E+26  0.1745E-01  0.0000E+00 -0.4765E+03 -0.0000E+00 -0.0000E+00  0.2812E+08  0.2471E+08
 -0.1759E+08
 -0.1761E+08
  0.3156E+08
  0.2858E+07
  0.7840E+06
  0.7200E+04  0.3000E+03  0.4492E+00  0.2308E+00  0.3825E-02  0.3161E+00  0.5291E-04  0.1013E+06  0.1250E+01  0.4359E+26  0.1727E-01  0.0000E+00 -0.4815E+03 -0.0000E+00 -0.0000E+00  0.2881E+08  0.2534E+08
 -0.1884E+08
 -0.1875E+08
  0.3368E+08
  0.3117E+07
  0.7937E+06
  0.7250E+04  0.3000E+03  0.4657E+00  0.2309E+00  0.3633E-02  0.2996E+00  0.4939E-04  0.1013E+06  0.1250E+01  0.4404E+26  0.1709E-01  0.0000E+00 -0.4864E+03 -0.0000E+00 -0.0000E+00  0.2949E+08  0.2596E+08
 -0.2011E+08
 -0.1991E+08
  0.3584E+08
  0.3383E+07
  0.8030E+06
  0.7300E+04  0.3000E+03  0.4820E+00  0.2310E+00  0.3449E-02  0.2834E+00  0.4615E-04  0.1013E+06  0.1250E+01  0.4448E+26  0.1692E-01  0.0000E+00 -0.4913E+03 -0.0000E+00 -0.0000E+00  0.3016E+08  0.2658E+08
 -0.2141E+08
 -0.2109E+08
  0.3802E+08
  0.3656E+07
  0.8121E+06
  0.7350E+04  0.3000E+03  0.4980E+00  0.2311E+00  0.3272E-02  0.2676E+00  0.4317E-04  0.1013E+06  0.1250E+01  0.4491E+26  0.1676E-01  0.0000E+00 -0.4961E+03 -0.0000E+00 -0.0000E+00  0.3082E+08  0.2718E+08
 -0.2271E+08
 -0.2227E+08
  0.4023E+08
  0.3933E+07
  0.8207E+06
  0.7400E+04  0.3000E+03  0.5135E+00  0.2312E+00  0.3102E-02  0.2521E+00  0.4043E-04  0.1013E+06  0.1250E+01  0.4533E+26  0.1661E-01  0.0000E+00 -0.5007E+03 -0.0000E+00 -0.0000E+00  0.3147E+08  0.2776E+08
 -0.2402E+08
 -0.2345E+08
  0.4243E+08
  0.4212E+07
  0.8289E+06
  0.7450E+04  0.3000E+03  0.5286E+00  0.2313E+00  0.2940E-02  0.2371E+00  0.3790E-04  0.1013E+06  0.1250E+01  0.4574E+26  0.1646E-01  0.0000E+00 -0.5052E+03 -0.0000E+00 -0.0000E+00  0.3210E+08  0.2834E+08
 -0.2532E+08
 -0.2463E+08
  0.4463E+08
  0.4490E+07
  0.8366E+06
  0.7500E+04  0.3000E+03  0.5431E+00  0.2314E+00  0.2785E-02  0.2227E+00  0.3557E-04  0.1013E+06  0.1250E+01  0.4613E+26  0.1632E-01  0.0000E+00 -0.5095E+03 -0.0000E+00 -0.0000E+00  0.3271E+08  0.2889E+08
 -0.2662E+08
 -0.2580E+08
  0.4681E+08
  0.4767E+07
  0.8438E+06
  0.7550E+04  0.3000E+03  0.5571E+00  0.2315E+00  0.2637E-02  0.2087E+00  0.3342E-04  0.1013E+06  0.1250E+01  0.4651E+26  0.1619E-01  0.0000E+00 -0.5137E+03 -0.0000E+00 -0.0000E+00  0.3331E+08  0.2943E+08
 -0.2789E+08
 -0.2696E+08
  0.4896E+08
  0.5039E+07
  0.8506E+06
  0.7600E+04  0.3000E+03  0.5706E+00  0.2316E+00  0.2496E-02  0.1954E+00  0.3143E-04  0.1013E+06  0.1250E+01  0.4687E+26  0.1606E-01  0.0000E+00 -0.5177E+03 -0.0000E+00 -0.0000E+00  0.3388E+08  0.2995E+08
 -0.2914E+08
 -0.2809E+08
  0.5107E+08
  0.5304E+07
  0.8567E+06
  0.7650E+04  0.3000E+03  0.5834E+00  0.2316E+00  0.2362E-02  0.1826E+00  0.2959E-04  0.1013E+06  0.1250E+01  0.4722E+26  0.1594E-01  0.0000E+00 -0.5215E+03 -0.0000E+00 -0.0000E+00  0.3444E+08  0.3045E+08
 -0.3036E+08
 -0.2919E+08
  0.5313E+08
  0.5561E+07
  0.8624E+06
  0.7700E+04  0.3000E+03  0.5956E+00  0.2317E+00  0.2234E-02  0.1704E+00  0.2789E-04  0.1013E+06  0.1250E+01  0.4755E+26  0.1583E-01  0.0000E+00 -0.5252E+03 -0.0000E+00 -0.0000E+00  0.3497E+08  0.3092E+08
 -0.3154E+08
 -0.3027E+08
  0.5513E+08
  0.5809E+07
  0.8675E+06
  0.7750E+04  0.3000E+03  0.6072E+00  0.2318E+00  0.2113E-02  0.1589E+00  0.2631E-04  0.1013E+06  0.1250E+01  0.4786E+26  0.1573E-01  0.0000E+00 -0.5286E+03 -0.0000E+00 -0.0000E+00  0.3548E+08  0.3138E+08
 -0.3269E+08
 -0.3130E+08
  0.5707E+08
  0.6045E+07
  0.8721E+06
  0.7800E+04  0.3000E+03  0.6182E+00  0.2318E+00  0.1998E-02  0.1479E+00  0.2485E-04  0.1013E+06  0.1250E+01  0.4816E+26  0.1563E-01  0.0000E+00 -0.5319E+03 -0.0000E+00 -0.0000E+00  0.3597E+08  0.3182E+08
 -0.3378E+08
 -0.3231E+08
  0.5895E+08
  0.6268E+07
  0.8761E+06
  0.7850E+04  0.3000E+03  0.6286E+00  0.2319E+00  0.1890E-02  0.1376E+00  0.2350E-04  0.1013E+06  0.1250E+01  0.4844E+26  0.1554E-01  0.0000E+00 -0.5350E+03 -0.0000E+00 -0.0000E+00  0.3644E+08  0.3224E+08
 -0.3483E+08
 -0.3327E+08
  0.6074E+08
  0.6479E+07
  0.8796E+06
  0.7900E+04  0.3000E+03  0.6384E+00  0.2319E+00  0.1787E-02  0.1279E+00  0.2223E-04  0.1013E+06  0.1250E+01  0.4870E+26  0.1546E-01  0.0000E+00 -0.5379E+03 -0.0000E+00 -0.0000E+00  0.3688E+08  0.3263E+08
 -0.3583E+08
 -0.3419E+08
  0.6246E+08
  0.6675E+07
  0.8826E+06
  0.7950E+04  0.3000E+03  0.6475E+00  0.2320E+00  0.1689E-02  0.1187E+00  0.2106E-04  0.1013E+06  0.1250E+01  0.4895E+26  0.1538E-01  0.0000E+00 -0.5407E+03 -0.0000E+00 -0.0000E+00  0.3731E+08  0.3301E+08
 -0.3678E+08
 -0.3507E+08
  0.6411E+08
  0.6856E+07
  0.8852E+06
  0.8000E+04  0.3000E+03  0.6561E+00  0.2320E+00  0.1597E-02  0.1102E+00  0.1997E-04  0.1013E+06  0.1250E+01  0.4918E+26  0.1531E-01  0.0000E+00 -0.5432E+03 -0.0000E+00 -0.0000E+00  0.3772E+08  0.3337E+08
 -0.3768E+08
 -0.3590E+08
  0.6567E+08
  0.7023E+07
  0.8872E+06
  0.8050E+04  0.3000E+03  0.6642E+00  0.2321E+00  0.1510E-02  0.1022E+00  0.1895E-04  0.1013E+06  0.1250E+01  0.4940E+26  0.1524E-01  0.0000E+00 -0.5456E+03 -0.0000E+00 -0.0000E+00  0.3810E+08  0.3371E+08
 -0.3852E+08
 -0.3669E+08
  0.6715E+08
  0.7175E+07
  0.8888E+06
  0.8100E+04  0.3000E+03  0.6717E+00  0.2321E+00  0.1428E-02  0.9475E-01  0.1800E-04  0.1013E+06  0.1250E+01  0.4960E+26  0.1518E-01  0.0000E+00 -0.5479E+03 -0.0000E+00 -0.0000E+00  0.3847E+08  0.3403E+08
 -0.3931E+08
 -0.3744E+08
  0.6855E+08
  0.7312E+07
  0.8900E+06
  0.8150E+04  0.3000E+03  0.6787E+00  0.2322E+00  0.1351E-02  0.8780E-01  0.1711E-04  0.1013E+06  0.1250E+01  0.4979E+26  0.1512E-01  0.0000E+00 -0.5499E+03 -0.0000E+00 -0.0000E+00  0.3882E+08  0.3434E+08
 -0.4005E+08
 -0.3815E+08
  0.6988E+08
  0.7435E+07
  0.8908E+06
  0.8200E+04  0.3000E+03  0.6852E+00  0.2322E+00  0.1278E-02  0.8133E-01  0.1628E-04  0.1013E+06  0.1250E+01  0.4997E+26  0.1507E-01  0.0000E+00 -0.5519E+03 -0.0000E+00 -0.0000E+00  0.3915E+08  0.3462E+08
 -0.4074E+08
 -0.3882E+08
  0.7113E+08
  0.7543E+07
  0.8912E+06
  0.8250E+04  0.3000E+03  0.6912E+00  0.2323E+00  0.1209E-02  0.7533E-01  0.1550E-04  0.1013E+06  0.1250E+01  0.5013E+26  0.1502E-01  0.0000E+00 -0.5537E+03 -0.0000E+00 -0.0000E+00  0.3947E+08  0.3490E+08
 -0.4139E+08
 -0.3944E+08
  0.7230E+08
  0.7638E+07
  0.8912E+06
  0.8300E+04  0.3000E+03  0.6968E+00  0.2323E+00  0.1144E-02  0.6976E-01  0.1477E-04  0.1013E+06  0.1250E+01  0.5028E+26  0.1497E-01  0.0000E+00 -0.5554E+03 -0.0000E+00 -0.0000E+00  0.3977E+08  0.3516E+08
 -0.4198E+08
 -0.4003E+08
  0.7340E+08
  0.7721E+07
  0.8909E+06
  0.8350E+04  0.3000E+03  0.7020E+00  0.2323E+00  0.1083E-02  0.6459E-01  0.1408E-04  0.1013E+06  0.1250E+01  0.5042E+26  0.1493E-01  0.0000E+00 -0.5569E+03 -0.0000E+00 -0.0000E+00  0.4005E+08  0.3540E+08
 -0.4254E+08
 -0.4058E+08
  0.7443E+08
  0.7791E+07
  0.8904E+06
  0.8400E+04  0.3000E+03  0.7068E+00  0.2324E+00  0.1025E-02  0.5981E-01  0.1344E-04  0.1013E+06  0.1250E+01  0.5055E+26  0.1489E-01  0.0000E+00 -0.5583E+03 -0.0000E+00 -0.0000E+00  0.4032E+08  0.3563E+08
 -0.4305E+08
 -0.4109E+08
  0.7540E+08
  0.7849E+07
  0.8895E+06
  0.8450E+04  0.3000E+03  0.7112E+00  0.2324E+00  0.9713E-03  0.5539E-01  0.1283E-04  0.1013E+06  0.1250E+01  0.5067E+26  0.1486E-01  0.0000E+00 -0.5597E+03 -0.0000E+00 -0.0000E+00  0.4058E+08  0.3585E+08
 -0.4352E+08
 -0.4158E+08
  0.7631E+08
  0.7896E+07
  0.8884E+06
  0.8500E+04  0.3000E+03  0.7154E+00  0.2324E+00  0.9202E-03  0.5130E-01  0.1226E-04  0.1013E+06  0.1250E+01  0.5078E+26  0.1482E-01  0.0000E+00 -0.5609E+03 -0.0000E+00 -0.0000E+00  0.4083E+08  0.3606E+08
 -0.4395E+08
 -0.4203E+08
  0.7715E+08
  0.7934E+07
  0.8871E+06
  0.8550E+04  0.3000E+03  0.7192E+00  0.2324E+00  0.8721E-03  0.4752E-01  0.1173E-04  0.1013E+06  0.1250E+01  0.5089E+26  0.1479E-01  0.0000E+00 -0.5620E+03 -0.0000E+00 -0.0000E+00  0.4106E+08  0.3626E+08
 -0.4435E+08
 -0.4245E+08
  0.7794E+08
  0.7961E+07
  0.8855E+06
  0.8600E+04  0.3000E+03  0.7227E+00  0.2325E+00  0.8269E-03  0.4403E-01  0.1122E-04  0.1013E+06  0.1250E+01  0.5098E+26  0.1477E-01  0.0000E+00 -0.5631E+03 -0.0000E+00 -0.0000E+00  0.4129E+08  0.3645E+08
 -0.4471E+08
 -0.4284E+08
  0.7868E+08
  0.7980E+07
  0.8838E+06
  0.8650E+04  0.3000E+03  0.7259E+00  0.2325E+00  0.7842E-03  0.4081E-01  0.1074E-04  0.1013E+06  0.1250E+01  0.5107E+26  0.1474E-01  0.0000E+00 -0.5641E+03 -0.0000E+00 -0.0000E+00  0.4151E+08  0.3663E+08
 -0.4504E+08
 -0.4320E+08
  0.7937E+08
  0.7991E+07
  0.8818E+06
  0.8700E+04  0.3000E+03  0.7289E+00  0.2325E+00  0.7441E-03  0.3783E-01  0.1029E-04  0.1013E+06  0.1250E+01  0.5115E+26  0.1472E-01  0.0000E+00 -0.5650E+03 -0.0000E+00 -0.0000E+00  0.4171E+08  0.3680E+08
 -0.4535E+08
 -0.4355E+08
  0.8002E+08
  0.7995E+07
  0.8797E+06
  0.8750E+04  0.3000E+03  0.7317E+00  0.2325E+00  0.7063E-03  0.3508E-01  0.9866E-05  0.1013E+06  0.1250E+01  0.5122E+26  0.1470E-01  0.0000E+00 -0.5658E+03 -0.0000E+00 -0.0000E+00  0.4191E+08  0.3696E+08
 -0.4562E+08
 -0.4386E+08
  0.8062E+08
  0.7991E+07
  0.8775E+06
  0.8800E+04  0.3000E+03  0.7342E+00  0.2326E+00  0.6706E-03  0.3254E-01  0.9462E-05  0.1013E+06  0.1250E+01  0.5129E+26  0.1468E-01  0.0000E+00 -0.5665E+03 -0.0000E+00 -0.0000E+00  0.4211E+08  0.3712E+08
 -0.4588E+08
 -0.4416E+08
  0.8118E+08
  0.7982E+07
  0.8752E+06
  0.8850E+04  0.3000E+03  0.7366E+00  0.2326E+00  0.6370E-03  0.3020E-01  0.9080E-05  0.1013E+06  0.1250E+01  0.5136E+26  0.1466E-01  0.0000E+00 -0.5672E+03 -0.0000E+00 -0.0000E+00  0.4229E+08  0.3727E+08
 -0.4611E+08
 -0.4444E+08
  0.8170E+08
  0.7967E+07
  0.8727E+06
  0.8900E+04  0.3000E+03  0.7388E+00  0.2326E+00  0.6054E-03  0.2804E-01  0.8718E-05  0.1013E+06  0.1250E+01  0.5142E+26  0.1464E-01  0.0000E+00 -0.5679E+03 -0.0000E+00 -0.0000E+00  0.4247E+08  0.3741E+08
 -0.4631E+08
 -0.4470E+08
  0.8219E+08
  0.7946E+07
  0.8701E+06
  0.8950E+04  0.3000E+03  0.7408E+00  0.2326E+00  0.5755E-03  0.2605E-01  0.8374E-05  0.1013E+06  0.1250E+01  0.5147E+26  0.1463E-01  0.0000E+00 -0.5685E+03 -0.0000E+00 -0.0000E+00  0.4264E+08  0.3755E+08
 -0.4650E+08
 -0.4494E+08
  0.8265E+08
  0.7921E+07
  0.8674E+06
  0.9000E+04  0.3000E+03  0.7426E+00  0.2326E+00  0.5473E-03  0.2421E-01  0.8048E-05  0.1013E+06  0.1250E+01  0.5152E+26  0.1461E-01  0.0000E+00 -0.5690E+03 -0.0000E+00 -0.0000E+00  0.4281E+08  0.3769E+08
 -0.4667E+08
 -0.4516E+08
  0.8308E+08
  0.7892E+07
  0.8647E+06
  0.9050E+04  0.3000E+03  0.7443E+00  0.2326E+00  0.5208E-03  0.2250E-01  0.7739E-05  0.1013E+06  0.1250E+01  0.5157E+26  0.1460E-01  0.0000E+00 -0.5696E+03 -0.0000E+00 -0.0000E+00  0.4297E+08  0.3781E+08
 -0.4683E+08
 -0.4537E+08
  0.8348E+08
  0.7859E+07
  0.8618E+06
  0.9100E+04  0.3000E+03  0.7459E+00  0.2326E+00  0.4957E-03  0.2093E-01  0.7445E-05  0.1013E+06  0.1250E+01  0.5161E+26  0.1459E-01  0.0000E+00 -0.5700E+03 -0.0000E+00 -0.0000E+00  0.4313E+08  0.3794E+08
 -0.4697E+08
 -0.4557E+08
  0.8385E+08
  0.7823E+07
  0.8589E+06
  0.9150E+04  0.3000E+03  0.7474E+00  0.2327E+00  0.4721E-03  0.1948E-01  0.7165E-05  0.1013E+06  0.1250E+01  0.5165E+26  0.1457E-01  0.0000E+00 -0.5705E+03 -0.0000E+00 -0.0000E+00  0.4328E+08  0.3806E+08
 -0.4709E+08
 -0.4575E+08
  0.8421E+08
  0.7783E+07
  0.8560E+06
  0.9200E+04  0.3000E+03  0.7487E+00  0.2327E+00  0.4497E-03  0.1814E-01  0.6899E-05  0.1013E+06  0.1250E+01  0.5169E+26  0.1456E-01  0.0000E+00 -0.5709E+03 -0.0000E+00 -0.0000E+00  0.4343E+08  0.3818E+08
 -0.4720E+08
 -0.4593E+08
  0.8453E+08
  0.7741E+07
  0.8530E+06
  0.9250E+04  0.3000E+03  0.7500E+00  0.2327E+00  0.4286E-03  0.1690E-01  0.6646E-05  0.1013E+06  0.1250E+01  0.5172E+26  0.1455E-01  0.0000E+00 -0.5713E+03 -0.0000E+00 -0.0000E+00  0.4357E+08  0.3829E+08
 -0.4730E+08
 -0.4609E+08
  0.8484E+08
  0.7697E+07
  0.8499E+06
  0.9300E+04  0.3000E+03  0.7511E+00  0.2327E+00  0.4087E-03  0.1575E-01  0.6405E-05  0.1013E+06  0.1250E+01  0.5175E+26  0.1455E-01  0.0000E+00 -0.5716E+03 -0.0000E+00 -0.0000E+00  0.4371E+08  0.3840E+08
 -0.4739E+08
 -0.4624E+08
  0.8513E+08
  0.7650E+07
  0.8468E+06
  0.9350E+04  0.3000E+03  0.7522E+00  0.2327E+00  0.3898E-03  0.1469E-01  0.6175E-05  0.1013E+06  0.1250E+01  0.5178E+26  0.1454E-01  0.0000E+00 -0.5719E+03 -0.0000E+00 -0.0000E+00  0.4385E+08  0.3851E+08
 -0.4747E+08
 -0.4638E+08
  0.8541E+08
  0.7602E+07
  0.8437E+06
  0.9400E+04  0.3000E+03  0.7532E+00  0.2327E+00  0.3720E-03  0.1371E-01  0.5956E-05  0.1013E+06  0.1250E+01  0.5181E+26  0.1453E-01  0.0000E+00 -0.5722E+03 -0.0000E+00 -0.0000E+00  0.4399E+08  0.3861E+08
 -0.4754E+08
 -0.4652E+08
  0.8566E+08
  0.7552E+07
  0.8406E+06
  0.9450E+04  0.3000E+03  0.7541E+00  0.2327E+00  0.3551E-03  0.1280E-01  0.5747E-05  0.1013E+06  0.1250E+01  0.5183E+26  0.1452E-01  0.0000E+00 -0.5725E+03 -0.0000E+00 -0.0000E+00  0.4412E+08  0.3871E+08
 -0.4760E+08
 -0.4664E+08
  0.8591E+08
  0.7500E+07
  0.8374E+06
  0.9500E+04  0.3000E+03  0.7550E+00  0.2327E+00  0.3392E-03  0.1195E-01  0.5547E-05  0.1013E+06  0.1250E+01  0.5185E+26  0.1452E-01  0.0000E+00 -0.5727E+03 -0.0000E+00 -0.0000E+00  0.4425E+08  0.3881E+08
 -0.4766E+08
 -0.4676E+08
  0.8613E+08
  0.7448E+07
  0.8342E+06
  0.9550E+04  0.3000E+03  0.7558E+00  0.2327E+00  0.3241E-03  0.1117E-01  0.5357E-05  0.1013E+06  0.1250E+01  0.5188E+26  0.1451E-01  0.0000E+00 -0.5730E+03 -0.0000E+00 -0.0000E+00  0.4438E+08  0.3891E+08
 -0.4770E+08
 -0.4687E+08
  0.8635E+08
  0.7394E+07
  0.8310E+06
  0.9600E+04  0.3000E+03  0.7565E+00  0.2327E+00  0.3098E-03  0.1045E-01  0.5175E-05  0.1013E+06  0.1250E+01  0.5190E+26  0.1451E-01  0.0000E+00 -0.5732E+03 -0.0000E+00 -0.0000E+00  0.4451E+08  0.3901E+08
 -0.4774E+08
 -0.4698E+08
  0.8655E+08
  0.7340E+07
  0.8278E+06
  0.9650E+04  0.3000E+03  0.7572E+00  0.2328E+00  0.2962E-03  0.9776E-02  0.5000E-05  0.1013E+06  0.1250E+01  0.5191E+26  0.1450E-01  0.0000E+00 -0.5734E+03 -0.0000E+00 -0.0000E+00  0.4463E+08  0.3910E+08
 -0.4778E+08
 -0.4708E+08
  0.8675E+08
  0.7285E+07
  0.8246E+06
  0.9700E+04  0.3000E+03  0.7578E+00  0.2328E+00  0.2833E-03  0.9152E-02  0.4834E-05  0.1013E+06  0.1250E+01  0.5193E+26  0.1450E-01  0.0000E+00 -0.5736E+03 -0.0000E+00 -0.0000E+00  0.4476E+08  0.3919E+08
 -0.4781E+08
 -0.4717E+08
  0.8693E+08
  0.7229E+07
  0.8214E+06
  0.9750E+04  0.3000E+03  0.7584E+00  0.2328E+00  0.2712E-03  0.8573E-02  0.4675E-05  0.1013E+06  0.1250E+01  0.5195E+26  0.1449E-01  0.0000E+00 -0.5738E+03 -0.0000E+00 -0.0000E+00  0.4488E+08  0.3928E+08
 -0.4783E+08
 -0.4726E+08
  0.8711E+08
  0.7173E+07
  0.8181E+06
  0.9800E+04  0.3000E+03  0.7589E+00  0.2328E+00  0.2596E-03  0.8034E-02  0.4522E-05  0.1013E+06  0.1250E+01  0.5196E+26  0.1449E-01  0.0000E+00 -0.5739E+03 -0.0000E+00 -0.0000E+00  0.4500E+08  0.3937E+08
 -0.4785E+08
 -0.4735E+08
  0.8727E+08
  0.7116E+07
  0.8149E+06
  0.9850E+04  0.3000E+03  0.7594E+00  0.2328E+00  0.2486E-03  0.7534E-02  0.4376E-05  0.1013E+06  0.1250E+01  0.5198E+26  0.1448E-01  0.0000E+00 -0.5741E+03 -0.0000E+00 -0.0000E+00  0.4512E+08  0.3946E+08
 -0.4787E+08
 -0.4743E+08
  0.8743E+08
  0.7060E+07
  0.8117E+06
  0.9900E+04  0.3000E+03  0.7599E+00  0.2328E+00  0.2382E-03  0.7068E-02  0.4236E-05  0.1013E+06  0.1250E+01  0.5199E+26  0.1448E-01  0.0000E+00 -0.5742E+03 -0.0000E+00 -0.0000E+00  0.4524E+08  0.3955E+08
 -0.4788E+08
 -0.4751E+08
  0.8758E+08
  0.7003E+07
  0.8084E+06
  0.9950E+04  0.3000E+03  0.7603E+00  0.2328E+00  0.2283E-03  0.6635E-02  0.4102E-05  0.1013E+06  0.1250E+01  0.5200E+26  0.1448E-01  0.0000E+00 -0.5744E+03 -0.0000E+00 -0.0000E+00  0.4535E+08  0.3964E+08
 -0.4789E+08
 -0.4758E+08
  0.8772E+08
  0.6946E+07
  0.8052E+06
  0.1000E+05  0.3000E+03  0.7607E+00  0.2328E+00  0.2189E-03  0.6232E-02  0.3973E-05  0.1013E+06  0.1250E+01  0.5201E+26  0.1447E-01  0.0000E+00 -0.5745E+03 -0.0000E+00 -0.0000E+00  0.4547E+08  0.3972E+08
 -0.4790E+08
 -0.4765E+08
  0.8786E+08
  0.6889E+07
  0.8020E+06
  0.1005E+05  0.3000E+03  0.7611E+00  0.2328E+00  0.2100E-03  0.5856E-02  0.3850E-05  0.1013E+06  0.1250E+01  0.5202E+26  0.1447E-01  0.0000E+00 -0.5746E+03 -0.0000E+00 -0.0000E+00  0.4558E+08  0.3981E+08
 -0.4791E+08
 -0.4772E+08
  0.8799E+08
  0.6832E+07
  0.7988E+06
  0.1010E+05  0.3000E+03  0.7615E+00  0.2328E+00  0.2015E-03  0.5506E-02  0.3732E-05  0.1013E+06  0.1250E+01  0.5203E+26  0.1447E-01  0.0000E+00 -0.5747E+03 -0.0000E+00 -0.0000E+00  0.4569E+08  0.3989E+08
 -0.4791E+08
 -0.4778E+08
  0.8812E+08
  0.6775E+07
  0.7956E+06
  0.1015E+05  0.3000E+03  0.7618E+00  0.2328E+00  0.1935E-03  0.5179E-02  0.3618E-05  0.1013E+06  0.1250E+01  0.5204E+26  0.1447E-01  0.0000E+00 -0.5748E+03 -0.0000E+00 -0.0000E+00  0.4581E+08  0.3997E+08
 -0.4791E+08
 -0.4784E+08
  0.8824E+08
  0.6718E+07
  0.7924E+06
  0.1020E+05  0.3000E+03  0.7621E+00  0.2328E+00  0.1858E-03  0.4875E-02  0.3509E-05  0.1013E+06  0.1250E+01  0.5205E+26  0.1446E-01  0.0000E+00 -0.5749E+03 -0.0000E+00 -0.0000E+00  0.4592E+08  0.4006E+08
 -0.4791E+08
 -0.4790E+08
  0.8836E+08
  0.6662E+07
  0.7892E+06
  0.1025E+05  0.3000E+03  0.7624E+00  0.2328E+00  0.1785E-03  0.4591E-02  0.3404E-05  0.1013E+06  0.1250E+01  0.5206E+26  0.1446E-01  0.0000E+00 -0.5750E+03 -0.0000E+00 -0.0000E+00  0.4603E+08  0.4014E+08
 -0.4790E+08
 -0.4796E+08
  0.8847E+08
  0.6605E+07
  0.7860E+06
  0.1030E+05  0.3000E+03  0.7627E+00  0.2328E+00  0.1715E-03  0.4325E-02  0.3303E-05  0.1013E+06  0.1250E+01  0.5206E+26  0.1446E-01  0.0000E+00 -0.5751E+03 -0.0000E+00 -0.0000E+00  0.4614E+08  0.4022E+08
 -0.4790E+08
 -0.4802E+08
  0.8858E+08
  0.6550E+07
  0.7829E+06
  0.1035E+05  0.3000E+03  0.7629E+00  0.2328E+00  0.1649E-03  0.4077E-02  0.3206E-05  0.1013E+06  0.1250E+01  0.5207E+26  0.1446E-01  0.0000E+00 -0.5751E+03 -0.0000E+00 -0.0000E+00  0.4625E+08  0.4030E+08
 -0.4789E+08
 -0.4807E+08
  0.8869E+08
  0.6494E+07
  0.7797E+06
  0.1040E+05  0.3000E+03  0.7632E+00  0.2328E+00  0.1585E-03  0.3845E-02  0.3113E-05  0.1013E+06  0.1250E+01  0.5208E+26  0.1445E-01  0.0000E+00 -0.5752E+03 -0.0000E+00 -0.0000E+00  0.4636E+08  0.4038E+08
 -0.4789E+08
 -0.4812E+08
  0.8879E+08
  0.6439E+07
  0.7766E+06
  0.1045E+05  0.3000E+03  0.7634E+00  0.2328E+00  0.1525E-03  0.3628E-02  0.3023E-05  0.1013E+06  0.1250E+01  0.5208E+26  0.1445E-01  0.0000E+00 -0.5753E+03 -0.0000E+00 -0.0000E+00  0.4647E+08  0.4046E+08
 -0.4788E+08
 -0.4817E+08
  0.8889E+08
  0.6384E+07
  0.7735E+06
  0.1050E+05  0.3000E+03  0.7636E+00  0.2328E+00  0.1468E-03  0.3425E-02  0.2937E-05  0.1013E+06  0.1250E+01  0.5209E+26  0.1445E-01  0.0000E+00 -0.5753E+03 -0.0000E+00 -0.0000E+00  0.4658E+08  0.4054E+08
 -0.4787E+08
 -0.4822E+08
  0.8899E+08
  0.6330E+07
  0.7704E+06
  0.1055E+05  0.3000E+03  0.7638E+00  0.2328E+00  0.1413E-03  0.3235E-02  0.2854E-05  0.1013E+06  0.1250E+01  0.5209E+26  0.1445E-01  0.0000E+00 -0.5754E+03 -0.0000E+00 -0.0000E+00  0.4668E+08  0.4061E+08
 -0.4786E+08
 -0.4826E+08
  0.8908E+08
  0.6276E+07
  0.7673E+06
  0.1060E+05  0.3000E+03  0.7640E+00  0.2328E+00  0.1361E-03  0.3057E-02  0.2774E-05  0.1013E+06  0.1250E+01  0.5210E+26  0.1445E-01  0.0000E+00 -0.5754E+03 -0.0000E+00 -0.0000E+00  0.4679E+08  0.4069E+08
 -0.4785E+08
 -0.4831E+08
  0.8917E+08
  0.6222E+07
  0.7642E+06
  0.1065E+05  0.3000E+03  0.7641E+00  0.2328E+00  0.1311E-03  0.2890E-02  0.2697E-05  0.1013E+06  0.1250E+01  0.5210E+26  0.1445E-01  0.0000E+00 -0.5755E+03 -0.0000E+00 -0.0000E+00  0.4690E+08  0.4077E+08
 -0.4783E+08
 -0.4835E+08
  0.8926E+08
  0.6169E+07
  0.7611E+06
  0.1070E+05  0.3000E+03  0.7643E+00  0.2328E+00  0.1263E-03  0.2734E-02  0.2622E-05  0.1013E+06  0.1250E+01  0.5211E+26  0.1445E-01  0.0000E+00 -0.5755E+03 -0.0000E+00 -0.0000E+00  0.4700E+08  0.4085E+08
 -0.4782E+08
 -0.4840E+08
  0.8935E+08
  0.6116E+07
  0.7581E+06
  0.1075E+05  0.3000E+03  0.7644E+00  0.2329E+00  0.1217E-03  0.2587E-02  0.2551E-05  0.1013E+06  0.1250E+01  0.5211E+26  0.1445E-01  0.0000E+00 -0.5756E+03 -0.0000E+00 -0.0000E+00  0.4711E+08  0.4092E+08
 -0.4781E+08
 -0.4844E+08
  0.8943E+08
  0.6064E+07
  0.7550E+06
  0.1080E+05  0.3000E+03  0.7646E+00  0.2329E+00  0.1174E-03  0.2449E-02  0.2482E-05  0.1013E+06  0.1250E+01  0.5212E+26  0.1444E-01  0.0000E+00 -0.5756E+03 -0.0000E+00 -0.0000E+00  0.4722E+08  0.4100E+08
 -0.4780E+08
 -0.4848E+08
  0.8951E+08
  0.6013E+07
  0.7520E+06
  0.1085E+05  0.3000E+03  0.7647E+00  0.2329E+00  0.1132E-03  0.2320E-02  0.2415E-05  0.1013E+06  0.1250E+01  0.5212E+26  0.1444E-01  0.0000E+00 -0.5757E+03 -0.0000E+00 -0.0000E+00  0.4732E+08  0.4108E+08
 -0.4778E+08
 -0.4852E+08
  0.8960E+08
  0.5962E+07
  0.7490E+06
  0.1090E+05  0.3000E+03  0.7648E+00  0.2329E+00  0.1092E-03  0.2198E-02  0.2351E-05  0.1013E+06  0.1250E+01  0.5212E+26  0.1444E-01  0.0000E+00 -0.5757E+03 -0.0000E+00 -0.0000E+00  0.4743E+08  0.4115E+08
 -0.4777E+08
 -0.4856E+08
  0.8968E+08
  0.5911E+07
  0.7460E+06
  0.1095E+05  0.3000E+03  0.7649E+00  0.2329E+00  0.1054E-03  0.2084E-02  0.2289E-05  0.1013E+06  0.1250E+01  0.5213E+26  0.1444E-01  0.0000E+00 -0.5757E+03 -0.0000E+00 -0.0000E+00  0.4753E+08  0.4123E+08
 -0.4776E+08
 -0.4860E+08
  0.8975E+08
  0.5861E+07
  0.7430E+06
  0.1100E+05  0.3000E+03  0.7651E+00  0.2329E+00  0.1018E-03  0.1977E-02  0.2229E-05  0.1013E+06  0.1250E+01  0.5213E+26  0.1444E-01  0.0000E+00 -0.5758E+03 -0.0000E+00 -0.0000E+00  0.4764E+08  0.4130E+08
 -0.4774E+08
 -0.4864E+08
  0.8983E+08
  0.5812E+07
  0.7401E+06
  0.1105E+05  0.3000E+03  0.7652E+00  0.2329E+00  0.9828E-04  0.1876E-02  0.2171E-05  0.1013E+06  0.1250E+01  0.5213E+26  0.1444E-01  0.0000E+00 -0.5758E+03 -0.0000E+00 -0.0000E+00  0.4774E+08  0.4138E+08
 -0.4773E+08
 -0.4868E+08
  0.8991E+08
  0.5763E+07
  0.7371E+06
  0.1110E+05  0.3000E+03  0.7653E+00  0.2329E+00  0.9494E-04  0.1781E-02  0.2115E-05  0.1013E+06  0.1250E+01  0.5213E+26  0.1444E-01  0.0000E+00 -0.5758E+03 -0.0000E+00 -0.0000E+00  0.4785E+08  0.4145E+08
 -0.4772E+08
 -0.4871E+08
  0.8998E+08
  0.5714E+07
  0.7342E+06
  0.1115E+05  0.3000E+03  0.7653E+00  0.2329E+00  0.9174E-04  0.1691E-02  0.2061E-05  0.1013E+06  0.1250E+01  0.5214E+26  0.1444E-01  0.0000E+00 -0.5759E+03 -0.0000E+00 -0.0000E+00  0.4795E+08  0.4153E+08
 -0.4770E+08
 -0.4875E+08
  0.9006E+08
  0.5666E+07
  0.7313E+06
  0.1120E+05  0.3000E+03  0.7654E+00  0.2329E+00  0.8867E-04  0.1607E-02  0.2009E-05  0.1013E+06  0.1250E+01  0.5214E+26  0.1444E-01  0.0000E+00 -0.5759E+03 -0.0000E+00 -0.0000E+00  0.4805E+08  0.4160E+08
 -0.4769E+08
 -0.4879E+08
  0.9013E+08
  0.5619E+07
  0.7284E+06
  0.1125E+05  0.3000E+03  0.7655E+00  0.2329E+00  0.8573E-04  0.1527E-02  0.1959E-05  0.1013E+06  0.1250E+01  0.5214E+26  0.1444E-01  0.0000E+00 -0.5759E+03 -0.0000E+00 -0.0000E+00  0.4816E+08  0.4168E+08
 -0.4768E+08
 -0.4882E+08
  0.9020E+08
  0.5572E+07
  0.7255E+06
  0.1130E+05  0.3000E+03  0.7656E+00  0.2329E+00  0.8291E-04  0.1452E-02  0.1910E-05  0.1013E+06  0.1250E+01  0.5214E+26  0.1444E-01  0.0000E+00 -0.5759E+03 -0.0000E+00 -0.0000E+00  0.4826E+08  0.4175E+08
 -0.4767E+08
 -0.4886E+08
  0.9028E+08
  0.5526E+07
  0.7226E+06
  0.1135E+05  0.3000E+03  0.7657E+00  0.2329E+00  0.8020E-04  0.1382E-02  0.1863E-05  0.1013E+06  0.1250E+01  0.5215E+26  0.1444E-01  0.0000E+00 -0.5760E+03 -0.0000E+00 -0.0000E+00  0.4837E+08  0.4183E+08
 -0.4765E+08
 -0.4889E+08
  0.9035E+08
  0.5480E+07
  0.7197E+06
  0.1140E+05  0.3000E+03  0.7657E+00  0.2329E+00  0.7760E-04  0.1315E-02  0.1817E-05  0.1013E+06  0.1250E+01  0.5215E+26  0.1444E-01  0.0000E+00 -0.5760E+03 -0.0000E+00 -0.0000E+00  0.4847E+08  0.4190E+08
 -0.4764E+08
 -0.4893E+08
  0.9042E+08
  0.5435E+07
  0.7169E+06
  0.1145E+05  0.3000E+03  0.7658E+00  0.2329E+00  0.7511E-04  0.1252E-02  0.1773E-05  0.1013E+06  0.1250E+01  0.5215E+26  0.1444E-01  0.0000E+00 -0.5760E+03 -0.0000E+00 -0.0000E+00  0.4857E+08  0.4198E+08
 -0.4763E+08
 -0.4896E+08
  0.9049E+08
  0.5390E+07
  0.7141E+06
  0.1150E+05  0.3000E+03  0.7659E+00  0.2329E+00  0.7272E-04  0.1193E-02  0.1731E-05  0.1013E+06  0.1250E+01  0.5215E+26  0.1443E-01  0.0000E+00 -0.5760E+03 -0.0000E+00 -0.0000E+00  0.4868E+08  0.4205E+08
 -0.4762E+08
 -0.4900E+08
  0.9056E+08
  0.5346E+07
  0.7112E+06
  0.1155E+05  0.3000E+03  0.7659E+00  0.2329E+00  0.7043E-04  0.1136E-02  0.1689E-05  0.1013E+06  0.1250E+01  0.5215E+26  0.1443E-01  0.0000E+00 -0.5760E+03 -0.0000E+00 -0.0000E+00  0.4878E+08  0.4213E+08
 -0.4761E+08
 -0.4903E+08
  0.9062E+08
  0.5302E+07
  0.7084E+06
  0.1160E+05  0.3000E+03  0.7660E+00  0.2329E+00  0.6822E-04  0.1083E-02  0.1649E-05  0.1013E+06  0.1250E+01  0.5215E+26  0.1443E-01  0.0000E+00 -0.5760E+03 -0.0000E+00 -0.0000E+00  0.4888E+08  0.4220E+08
 -0.4759E+08
 -0.4906E+08
  0.9069E+08
  0.5259E+07
  0.7057E+06
  0.1165E+05  0.3000E+03  0.7660E+00  0.2329E+00  0.6610E-04  0.1033E-02  0.1610E-05  0.1013E+06  0.1250E+01  0.5215E+26  0.1443E-01  0.0000E+00 -0.5761E+03 -0.0000E+00 -0.0000E+00  0.4898E+08  0.4227E+08
 -0.4758E+08
 -0.4910E+08
  0.9076E+08
  0.5217E+07
  0.7029E+06
  0.1170E+05  0.3000E+03  0.7661E+00  0.2329E+00  0.6406E-04  0.9854E-03  0.1573E-05  0.1013E+06  0.1250E+01  0.5216E+26  0.1443E-01  0.0000E+00 -0.5761E+03 -0.0000E+00 -0.0000E+00  0.4909E+08  0.4235E+08
 -0.4757E+08
 -0.4913E+08
  0.9083E+08
  0.5175E+07
  0.7001E+06
  0.1175E+05  0.3000E+03  0.7661E+00  0.2329E+00  0.6210E-04  0.9404E-03  0.1536E-05  0.1013E+06  0.1250E+01  0.5216E+26  0.1443E-01  0.0000E+00 -0.5761E+03 -0.0000E+00 -0.0000E+00  0.4919E+08  0.4242E+08
 -0.4756E+08
 -0.4916E+08
  0.9090E+08
  0.5133E+07
  0.6974E+06
  0.1180E+05  0.3000E+03  0.7662E+00  0.2329E+00  0.6022E-04  0.8978E-03  0.1501E-05  0.1013E+06  0.1250E+01  0.5216E+26  0.1443E-01  0.0000E+00 -0.5761E+03 -0.0000E+00 -0.0000E+00  0.4929E+08  0.4249E+08
 -0.4755E+08
 -0.4920E+08
  0.9096E+08
  0.5092E+07
  0.6946E+06
  0.1185E+05  0.3000E+03  0.7662E+00  0.2329E+00  0.5841E-04  0.8575E-03  0.1467E-05  0.1013E+06  0.1250E+01  0.5216E+26  0.1443E-01  0.0000E+00 -0.5761E+03 -0.0000E+00 -0.0000E+00  0.4939E+08  0.4257E+08
 -0.4754E+08
 -0.4923E+08
  0.9103E+08
  0.5052E+07
  0.6919E+06
  0.1190E+05  0.3000E+03  0.7662E+00  0.2329E+00  0.5666E-04  0.8192E-03  0.1433E-05  0.1013E+06  0.1250E+01  0.5216E+26  0.1443E-01  0.0000E+00 -0.5761E+03 -0.0000E+00 -0.0000E+00  0.4950E+08  0.4264E+08
 -0.4753E+08
 -0.4926E+08
  0.9110E+08
  0.5012E+07
  0.6892E+06
  0.1195E+05  0.3000E+03  0.7663E+00  0.2329E+00  0.5499E-04  0.7830E-03  0.1401E-05  0.1013E+06  0.1250E+01  0.5216E+26  0.1443E-01  0.0000E+00 -0.5761E+03 -0.0000E+00 -0.0000E+00  0.4960E+08  0.4271E+08
 -0.4753E+08
 -0.4929E+08
  0.9116E+08
  0.4972E+07
  0.6865E+06
  0.1200E+05  0.3000E+03  0.7663E+00  0.2329E+00  0.5337E-04  0.7486E-03  0.1370E-05  0.1013E+06  0.1250E+01  0.5216E+26  0.1443E-01  0.0000E+00 -0.5761E+03 -0.0000E+00 -0.0000E+00  0.4970E+08  0.4279E+08
 -0.4752E+08
 -0.4933E+08
  0.9123E+08
  0.4933E+07
  0.6839E+06
  0.1205E+05  0.3000E+03  0.7663E+00  0.2329E+00  0.5181E-04  0.7160E-03  0.1340E-05  0.1013E+06  0.1250E+01  0.5216E+26  0.1443E-01  0.0000E+00 -0.5762E+03 -0.0000E+00 -0.0000E+00  0.4980E+08  0.4286E+08
 -0.4751E+08
 -0.4936E+08
  0.9129E+08
  0.4895E+07
  0.6812E+06
  0.1210E+05  0.3000E+03  0.7664E+00  0.2329E+00  0.5031E-04  0.6851E-03  0.1310E-05  0.1013E+06  0.1250E+01  0.5216E+26  0.1443E-01  0.0000E+00 -0.5762E+03 -0.0000E+00 -0.0000E+00  0.4991E+08  0.4293E+08
 -0.4750E+08
 -0.4939E+08
  0.9136E+08
  0.4857E+07
  0.6785E+06
  0.1215E+05  0.3000E+03  0.7664E+00  0.2329E+00  0.4887E-04  0.6557E-03  0.1282E-05  0.1013E+06  0.1250E+01  0.5217E+26  0.1443E-01  0.0000E+00 -0.5762E+03 -0.0000E+00 -0.0000E+00  0.5001E+08  0.4301E+08
 -0.4750E+08
 -0.4942E+08
  0.9142E+08
  0.4819E+07
  0.6759E+06
  0.1220E+05  0.3000E+03  0.7664E+00  0.2329E+00  0.4748E-04  0.6278E-03  0.1254E-05  0.1013E+06  0.1250E+01  0.5217E+26  0.1443E-01  0.0000E+00 -0.5762E+03 -0.0000E+00 -0.0000E+00  0.5011E+08  0.4308E+08
 -0.4749E+08
 -0.4946E+08
  0.9149E+08
  0.4782E+07
  0.6733E+06
  0.1225E+05  0.3000E+03  0.7665E+00  0.2329E+00  0.4614E-04  0.6013E-03  0.1227E-05  0.1013E+06  0.1250E+01  0.5217E+26  0.1443E-01  0.0000E+00 -0.5762E+03 -0.0000E+00 -0.0000E+00  0.5021E+08  0.4315E+08
 -0.4748E+08
 -0.4949E+08
  0.9156E+08
  0.4746E+07
  0.6707E+06
  0.1230E+05  0.3000E+03  0.7665E+00  0.2329E+00  0.4484E-04  0.5761E-03  0.1201E-05  0.1013E+06  0.1250E+01  0.5217E+26  0.1443E-01  0.0000E+00 -0.5762E+03 -0.0000E+00 -0.0000E+00  0.5031E+08  0.4323E+08
 -0.4748E+08
 -0.4952E+08
  0.9162E+08
  0.4710E+07
  0.6681E+06
  0.1235E+05  0.3000E+03  0.7665E+00  0.2329E+00  0.4359E-04  0.5522E-03  0.1175E-05  0.1013E+06  0.1250E+01  0.5217E+26  0.1443E-01  0.0000E+00 -0.5762E+03 -0.0000E+00 -0.0000E+00  0.5042E+08  0.4330E+08
 -0.4747E+08
 -0.4955E+08
  0.9169E+08
  0.4674E+07
  0.6655E+06
  0.1240E+05  0.3000E+03  0.7665E+00  0.2329E+00  0.4239E-04  0.5294E-03  0.1150E-05  0.1013E+06  0.1250E+01  0.5217E+26  0.1443E-01  0.0000E+00 -0.5762E+03 -0.0000E+00 -0.0000E+00  0.5052E+08  0.4337E+08
 -0.4747E+08
 -0.4959E+08
  0.9175E+08
  0.4639E+07
  0.6629E+06
  0.1245E+05  0.3000E+03  0.7666E+00  0.2329E+00  0.4123E-04  0.5077E-03  0.1126E-05  0.1013E+06  0.1250E+01  0.5217E+26  0.1443E-01  0.0000E+00 -0.5762E+03 -0.0000E+00 -0.0000E+00  0.5062E+08  0.4345E+08
 -0.4746E+08
 -0.4962E+08
  0.9182E+08
  0.4604E+07
  0.6603E+06
  0.1250E+05  0.3000E+03  0.7666E+00  0.2329E+00  0.4010E-04  0.4871E-03  0.1103E-05  0.1013E+06  0.1250E+01  0.5217E+26  0.1443E-01  0.0000E+00 -0.5762E+03 -0.0000E+00 -0.0000E+00  0.5072E+08  0.4352E+08
 -0.4746E+08
 -0.4965E+08
  0.9188E+08
  0.4570E+07
  0.6578E+06
  0.1255E+05  0.3000E+03  0.7666E+00  0.2329E+00  0.3902E-04  0.4674E-03  0.1080E-05  0.1013E+06  0.1250E+01  0.5217E+26  0.1443E-01  0.0000E+00 -0.5762E+03 -0.0000E+00 -0.0000E+00  0.5082E+08  0.4359E+08
 -0.4746E+08
 -0.4968E+08
  0.9195E+08
  0.4536E+07
  0.6552E+06
  0.1260E+05  0.3000E+03  0.7666E+00  0.2329E+00  0.3798E-04  0.4487E-03  0.1058E-05  0.1013E+06  0.1250E+01  0.5217E+26  0.1443E-01  0.0000E+00 -0.5762E+03 -0.0000E+00 -0.0000E+00  0.5092E+08  0.4366E+08
 -0.4745E+08
 -0.4971E+08
  0.9201E+08
  0.4502E+07
  0.6527E+06
  0.1265E+05  0.3000E+03  0.7666E+00  0.2329E+00  0.3697E-04  0.4309E-03  0.1037E-05  0.1013E+06  0.1250E+01  0.5217E+26  0.1443E-01  0.0000E+00 -0.5762E+03 -0.0000E+00 -0.0000E+00  0.5103E+08  0.4374E+08
 -0.4745E+08
 -0.4975E+08
  0.9208E+08
  0.4469E+07
  0.6502E+06
  0.1270E+05  0.3000E+03  0.7667E+00  0.2329E+00  0.3599E-04  0.4139E-03  0.1016E-05  0.1013E+06  0.1250E+01  0.5217E+26  0.1443E-01  0.0000E+00 -0.5763E+03 -0.0000E+00 -0.0000E+00  0.5113E+08  0.4381E+08
 -0.4745E+08
 -0.4978E+08
  0.9214E+08
  0.4437E+07
  0.6477E+06
  0.1275E+05  0.3000E+03  0.7667E+00  0.2329E+00  0.3505E-04  0.3977E-03  0.9955E-06  0.1013E+06  0.1250E+01  0.5217E+26  0.1443E-01  0.0000E+00 -0.5763E+03 -0.0000E+00 -0.0000E+00  0.5123E+08  0.4388E+08
 -0.4745E+08
 -0.4981E+08
  0.9221E+08
  0.4405E+07
  0.6452E+06
  0.1280E+05  0.3000E+03  0.7667E+00  0.2329E+00  0.3413E-04  0.3823E-03  0.9757E-06  0.1013E+06  0.1250E+01  0.5217E+26  0.1443E-01  0.0000E+00 -0.5763E+03 -0.0000E+00 -0.0000E+00  0.5133E+08  0.4395E+08
 -0.4745E+08
 -0.4984E+08
  0.9228E+08
  0.4373E+07
  0.6427E+06
  0.1285E+05  0.3000E+03  0.7667E+00  0.2329E+00  0.3325E-04  0.3676E-03  0.9564E-06  0.1013E+06  0.1250E+01  0.5217E+26  0.1443E-01  0.0000E+00 -0.5763E+03 -0.0000E+00 -0.0000E+00  0.5143E+08  0.4403E+08
 -0.4745E+08
 -0.4988E+08
  0.9234E+08
  0.4342E+07
  0.6403E+06
  0.1290E+05  0.3000E+03  0.7667E+00  0.2329E+00  0.3240E-04  0.3535E-03  0.9376E-06  0.1013E+06  0.1250E+01  0.5217E+26  0.1443E-01  0.0000E+00 -0.5763E+03 -0.0000E+00 -0.0000E+00  0.5153E+08  0.4410E+08
 -0.4745E+08
 -0.4991E+08
  0.9241E+08
  0.4311E+07
  0.6378E+06
  0.1295E+05  0.3000E+03  0.7667E+00  0.2329E+00  0.3158E-04  0.3401E-03  0.9193E-06  0.1013E+06  0.1250E+01  0.5217E+26  0.1443E-01  0.0000E+00 -0.5763E+03 -0.0000E+00 -0.0000E+00  0.5164E+08  0.4417E+08
 -0.4745E+08
 -0.4994E+08
  0.9247E+08
  0.4280E+07
  0.6354E+06
  0.1300E+05  0.3000E+03  0.7667E+00  0.2329E+00  0.3078E-04  0.3273E-03  0.9015E-06  0.1013E+06  0.1250E+01  0.5217E+26  0.1443E-01  0.0000E+00 -0.5763E+03 -0.0000E+00 -0.0000E+00  0.5174E+08  0.4425E+08
 -0.4745E+08
 -0.4997E+08
  0.9254E+08
  0.4250E+07
  0.6329E+06
  0.1305E+05  0.3000E+03  0.7668E+00  0.2329E+00  0.3001E-04  0.3151E-03  0.8841E-06  0.1013E+06  0.1250E+01  0.5218E+26  0.1443E-01  0.0000E+00 -0.5763E+03 -0.0000E+00 -0.0000E+00  0.5184E+08  0.4432E+08
 -0.4745E+08
 -0.5001E+08
  0.9260E+08
  0.4220E+07
  0.6305E+06
  0.1310E+05  0.3000E+03  0.7668E+00  0.2329E+00  0.2926E-04  0.3034E-03  0.8672E-06  0.1013E+06  0.1250E+01  0.5218E+26  0.1443E-01  0.0000E+00 -0.5763E+03 -0.0000E+00 -0.0000E+00  0.5194E+08  0.4439E+08
 -0.4745E+08
 -0.5004E+08
  0.9267E+08
  0.4191E+07
  0.6281E+06
  0.1315E+05  0.3000E+03  0.7668E+00  0.2329E+00  0.2854E-04  0.2922E-03  0.8508E-06  0.1013E+06  0.1250E+01  0.5218E+26  0.1443E-01  0.0000E+00 -0.5763E+03 -0.0000E+00 -0.0000E+00  0.5204E+08  0.4446E+08
 -0.4745E+08
 -0.5007E+08
  0.9273E+08
  0.4162E+07
  0.6257E+06
  0.1320E+05  0.3000E+03  0.7668E+00  0.2329E+00  0.2784E-04  0.2815E-03  0.8347E-06  0.1013E+06  0.1250E+01  0.5218E+26  0.1443E-01  0.0000E+00 -0.5763E+03 -0.0000E+00 -0.0000E+00  0.5214E+08  0.4454E+08
 -0.4745E+08
 -0.5010E+08
  0.9280E+08
  0.4133E+07
  0.6233E+06
  0.1325E+05  0.3000E+03  0.7668E+00  0.2329E+00  0.2716E-04  0.2713E-03  0.8191E-06  0.1013E+06  0.1250E+01  0.5218E+26  0.1443E-01  0.0000E+00 -0.5763E+03 -0.0000E+00 -0.0000E+00  0.5224E+08  0.4461E+08
 -0.4745E+08
 -0.5014E+08
  0.9287E+08
  0.4105E+07
  0.6209E+06
  0.1330E+05  0.3000E+03  0.7668E+00  0.2329E+00  0.2650E-04  0.2615E-03  0.8038E-06  0.1013E+06  0.1250E+01  0.5218E+26  0.1443E-01  0.0000E+00 -0.5763E+03 -0.0000E+00 -0.0000E+00  0.5235E+08  0.4468E+08
 -0.4746E+08
 -0.5017E+08
  0.9293E+08
  0.4077E+07
  0.6185E+06
  0.1335E+05  0.3000E+03  0.7668E+00  0.2329E+00  0.2586E-04  0.2522E-03  0.7889E-06  0.1013E+06  0.1250E+01  0.5218E+26  0.1443E-01  0.0000E+00 -0.5763E+03 -0.0000E+00 -0.0000E+00  0.5245E+08  0.4475E+08
 -0.4746E+08
 -0.5020E+08
  0.9300E+08
  0.4049E+07
  0.6162E+06
  0.1340E+05  0.3000E+03  0.7668E+00  0.2329E+00  0.2525E-04  0.2432E-03  0.7744E-06  0.1013E+06  0.1250E+01  0.5218E+26  0.1443E-01  0.0000E+00 -0.5763E+03 -0.0000E+00 -0.0000E+00  0.5255E+08  0.4483E+08
 -0.4746E+08
 -0.5024E+08
  0.9306E+08
  0.4022E+07
  0.6138E+06
  0.1345E+05  0.3000E+03  0.7668E+00  0.2329E+00  0.2465E-04  0.2346E-03  0.7603E-06  0.1013E+06  0.1250E+01  0.5218E+26  0.1443E-01  0.0000E+00 -0.5763E+03 -0.0000E+00 -0.0000E+00  0.5265E+08  0.4490E+08
 -0.4747E+08
 -0.5027E+08
  0.9313E+08
  0.3995E+07
  0.6115E+06
  0.1350E+05  0.3000E+03  0.7668E+00  0.2329E+00  0.2407E-04  0.2264E-03  0.7465E-06  0.1013E+06  0.1250E+01  0.5218E+26  0.1443E-01  0.0000E+00 -0.5763E+03 -0.0000E+00 -0.0000E+00  0.5275E+08  0.4497E+08
 -0.4747E+08
 -0.5030E+08
  0.9320E+08
  0.3969E+07
  0.6091E+06
  0.1355E+05  0.3000E+03  0.7669E+00  0.2329E+00  0.2351E-04  0.2186E-03  0.7330E-06  0.1013E+06  0.1250E+01  0.5218E+26  0.1443E-01  0.0000E+00 -0.5763E+03 -0.0000E+00 -0.0000E+00  0.5285E+08  0.4504E+08
 -0.4748E+08
 -0.5033E+08
  0.9326E+08
  0.3942E+07
  0.6068E+06
  0.1360E+05  0.3000E+03  0.7669E+00  0.2329E+00  0.2296E-04  0.2110E-03  0.7199E-06  0.1013E+06  0.1250E+01  0.5218E+26  0.1443E-01  0.0000E+00 -0.5763E+03 -0.0000E+00 -0.0000E+00  0.5295E+08  0.4512E+08
 -0.4748E+08
 -0.5037E+08
  0.9333E+08
  0.3917E+07
  0.6045E+06
  0.1365E+05  0.3000E+03  0.7669E+00  0.2329E+00  0.2243E-04  0.2038E-03  0.7070E-06  0.1013E+06  0.1250E+01  0.5218E+26  0.1443E-01  0.0000E+00 -0.5763E+03 -0.0000E+00 -0.0000E+00  0.5305E+08  0.4519E+08
 -0.4749E+08
 -0.5040E+08
  0.9339E+08
  0.3891E+07
  0.6022E+06
  0.1370E+05  0.3000E+03  0.7669E+00  0.2329E+00  0.2192E-04  0.1969E-03  0.6945E-06  0.1013E+06  0.1250E+01  0.5218E+26  0.1443E-01  0.0000E+00 -0.5763E+03 -0.0000E+00 -0.0000E+00  0.5316E+08  0.4526E+08
 -0.4749E+08
 -0.5043E+08
  0.9346E+08
  0.3866E+07
  0.5999E+06
  0.1375E+05  0.3000E+03  0.7669E+00  0.2329E+00  0.2142E-04  0.1902E-03  0.6823E-06  0.1013E+06  0.1250E+01  0.5218E+26  0.1443E-01  0.0000E+00 -0.5763E+03 -0.0000E+00 -0.0000E+00  0.5326E+08  0.4533E+08
 -0.4750E+08
 -0.5047E+08
  0.9353E+08
  0.3841E+07
  0.5976E+06
  0.1380E+05  0.3000E+03  0.7669E+00  0.2329E+00  0.2094E-04  0.1838E-03  0.6703E-06  0.1013E+06  0.1250E+01  0.5218E+26  0.1443E-01  0.0000E+00 -0.5763E+03 -0.0000E+00 -0.0000E+00  0.5336E+08  0.4541E+08
 -0.4751E+08
 -0.5050E+08
  0.9359E+08
  0.3816E+07
  0.5953E+06
  0.1385E+05  0.3000E+03  0.7669E+00  0.2329E+00  0.2047E-04  0.1777E-03  0.6587E-06  0.1013E+06  0.1250E+01  0.5218E+26  0.1443E-01  0.0000E+00 -0.5763E+03 -0.0000E+00 -0.0000E+00  0.5346E+08  0.4548E+08
 -0.4751E+08
 -0.5053E+08
  0.9366E+08
  0.3792E+07
  0.5931E+06
  0.1390E+05  0.3000E+03  0.7669E+00  0.2329E+00  0.2001E-04  0.1719E-03  0.6473E-06  0.1013E+06  0.1250E+01  0.5218E+26  0.1443E-01  0.0000E+00 -0.5763E+03 -0.0000E+00 -0.0000E+00  0.5356E+08  0.4555E+08
 -0.4752E+08
 -0.5057E+08
  0.9373E+08
  0.3768E+07
  0.5908E+06
  0.1395E+05  0.3000E+03  0.7669E+00  0.2329E+00  0.1957E-04  0.1662E-03  0.6362E-06  0.1013E+06  0.1250E+01  0.5218E+26  0.1443E-01  0.0000E+00 -0.5763E+03 -0.0000E+00 -0.0000E+00  0.5366E+08  0.4562E+08
 -0.4753E+08
 -0.5060E+08
  0.9379E+08
  0.3745E+07
  0.5886E+06
  0.1400E+05  0.3000E+03  0.7669E+00  0.2329E+00  0.1914E-04  0.1608E-03  0.6253E-06  0.1013E+06  0.1250E+01  0.5218E+26  0.1443E-01  0.0000E+00 -0.5763E+03 -0.0000E+00 -0.0000E+00  0.5376E+08  0.4570E+08
 -0.4753E+08
 -0.5063E+08
  0.9386E+08
  0.3721E+07
  0.5863E+06
  0.1405E+05  0.3000E+03  0.7669E+00  0.2329E+00  0.1872E-04  0.1556E-03  0.6147E-06  0.1013E+06  0.1250E+01  0.5218E+26  0.1443E-01  0.0000E+00 -0.5763E+03 -0.0000E+00 -0.0000E+00  0.5387E+08  0.4577E+08
 -0.4754E+08
 -0.5067E+08
  0.9392E+08
  0.3698E+07
  0.5841E+06
  0.1410E+05  0.3000E+03  0.7669E+00  0.2329E+00  0.1832E-04  0.1506E-03  0.6043E-06  0.1013E+06  0.1250E+01  0.5218E+26  0.1443E-01  0.0000E+00 -0.5763E+03 -0.0000E+00 -0.0000E+00  0.5397E+08  0.4584E+08
 -0.4755E+08
 -0.5070E+08
  0.9399E+08
  0.3675E+07
  0.5819E+06
  0.1415E+05  0.3000E+03  0.7669E+00  0.2329E+00  0.1792E-04  0.1458E-03  0.5942E-06  0.1013E+06  0.1250E+01  0.5218E+26  0.1443E-01  0.0000E+00 -0.5763E+03 -0.0000E+00 -0.0000E+00  0.5407E+08  0.4591E+08
 -0.4756E+08
 -0.5073E+08
  0.9406E+08
  0.3653E+07
  0.5797E+06
  0.1420E+05  0.3000E+03  0.7669E+00  0.2329E+00  0.1754E-04  0.1412E-03  0.5843E-06  0.1013E+06  0.1250E+01  0.5218E+26  0.1443E-01  0.0000E+00 -0.5763E+03 -0.0000E+00 -0.0000E+00  0.5417E+08  0.4599E+08
 -0.4757E+08
 -0.5076E+08
  0.9412E+08
  0.3631E+07
  0.5774E+06
  0.1425E+05  0.3000E+03  0.7669E+00  0.2329E+00  0.1717E-04  0.1368E-03  0.5746E-06  0.1013E+06  0.1250E+01  0.5218E+26  0.1443E-01  0.0000E+00 -0.5763E+03 -0.0000E+00 -0.0000E+00  0.5427E+08  0.4606E+08
 -0.4758E+08
 -0.5080E+08
  0.9419E+08
  0.3609E+07
  0.5753E+06
  0.1430E+05  0.3000E+03  0.7669E+00  0.2329E+00  0.1680E-04  0.1325E-03  0.5651E-06  0.1013E+06  0.1250E+01  0.5218E+26  0.1443E-01  0.0000E+00 -0.5763E+03 -0.0000E+00 -0.0000E+00  0.5437E+08  0.4613E+08
 -0.4759E+08
 -0.5083E+08
  0.9426E+08
  0.3587E+07
  0.5731E+06
  0.1435E+05  0.3000E+03  0.7669E+00  0.2329E+00  0.1645E-04  0.1284E-03  0.5558E-06  0.1013E+06  0.1250E+01  0.5218E+26  0.1443E-01  0.0000E+00 -0.5763E+03 -0.0000E+00 -0.0000E+00  0.5447E+08  0.4620E+08
 -0.4759E+08
 -0.5086E+08
  0.9432E+08
  0.3566E+07
  0.5709E+06
  0.1440E+05  0.3000E+03  0.7670E+00  0.2329E+00  0.1611E-04  0.1244E-03  0.5468E-06  0.1013E+06  0.1250E+01  0.5218E+26  0.1443E-01  0.0000E+00 -0.5763E+03 -0.0000E+00 -0.0000E+00  0.5457E+08  0.4628E+08
 -0.4760E+08
 -0.5090E+08
  0.9439E+08
  0.3544E+07
  0.5687E+06
  0.1445E+05  0.3000E+03  0.7670E+00  0.2329E+00  0.1578E-04  0.1206E-03  0.5379E-06  0.1013E+06  0.1250E+01  0.5218E+26  0.1443E-01  0.0000E+00 -0.5763E+03 -0.0000E+00 -0.0000E+00  0.5468E+08  0.4635E+08
 -0.4761E+08
 -0.5093E+08
  0.9445E+08
  0.3523E+07
  0.5666E+06
  0.1450E+05  0.3000E+03  0.7670E+00  0.2329E+00  0.1545E-04  0.1170E-03  0.5292E-06  0.1013E+06  0.1250E+01  0.5218E+26  0.1443E-01  0.0000E+00 -0.5763E+03 -0.0000E+00 -0.0000E+00  0.5478E+08  0.4642E+08
 -0.4762E+08
 -0.5096E+08
  0.9452E+08
  0.3503E+07
  0.5644E+06
  0.1455E+05  0.3000E+03  0.7670E+00  0.2329E+00  0.1514E-04  0.1134E-03  0.5208E-06  0.1013E+06  0.1250E+01  0.5218E+26  0.1443E-01  0.0000E+00 -0.5763E+03 -0.0000E+00 -0.0000E+00  0.5488E+08  0.4649E+08
 -0.4763E+08
 -0.5100E+08
  0.9459E+08
  0.3482E+07
  0.5623E+06
  0.1460E+05  0.3000E+03  0.7670E+00  0.2329E+00  0.1483E-04  0.1101E-03  0.5125E-06  0.1013E+06  0.1250E+01  0.5218E+26  0.1443E-01  0.0000E+00 -0.5763E+03 -0.0000E+00 -0.0000E+00  0.5498E+08  0.4656E+08
 -0.4765E+08
 -0.5103E+08
  0.9465E+08
  0.3462E+07
  0.5601E+06
  0.1465E+05  0.3000E+03  0.7670E+00  0.2329E+00  0.1453E-04  0.1068E-03  0.5043E-06  0.1013E+06  0.1250E+01  0.5218E+26  0.1443E-01  0.0000E+00 -0.5764E+03 -0.0000E+00 -0.0000E+00  0.5508E+08  0.4664E+08
 -0.4766E+08
 -0.5106E+08
  0.9472E+08
  0.3442E+07
  0.5580E+06
  0.1470E+05  0.3000E+03  0.7670E+00  0.2329E+00  0.1424E-04  0.1036E-03  0.4964E-06  0.1013E+06  0.1250E+01  0.5218E+26  0.1443E-01  0.0000E+00 -0.5764E+03 -0.0000E+00 -0.0000E+00  0.5518E+08  0.4671E+08
 -0.4767E+08
 -0.5110E+08
  0.9478E+08
  0.3423E+07
  0.5559E+06
  0.1475E+05  0.3000E+03  0.7670E+00  0.2329E+00  0.1395E-04  0.1006E-03  0.4886E-06  0.1013E+06  0.1250E+01  0.5218E+26  0.1443E-01  0.0000E+00 -0.5764E+03 -0.0000E+00 -0.0000E+00  0.5528E+08  0.4678E+08
 -0.4768E+08
 -0.5113E+08
  0.9485E+08
  0.3403E+07
  0.5538E+06
  0.1480E+05  0.3000E+03  0.7670E+00  0.2329E+00  0.1368E-04  0.9766E-04  0.4810E-06  0.1013E+06  0.1250E+01  0.5218E+26  0.1443E-01  0.0000E+00 -0.5764E+03 -0.0000E+00 -0.0000E+00  0.5539E+08  0.4685E+08
 -0.4769E+08
 -0.5116E+08
  0.9491E+08
  0.3384E+07
  0.5517E+06
  0.1485E+05  0.3000E+03  0.7670E+00  0.2329E+00  0.1341E-04  0.9484E-04  0.4735E-06  0.1013E+06  0.1250E+01  0.5218E+26  0.1443E-01  0.0000E+00 -0.5764E+03 -0.0000E+00 -0.0000E+00  0.5549E+08  0.4693E+08
 -0.4770E+08
 -0.5119E+08
  0.9498E+08
  0.3365E+07
  0.5496E+06
  0.1490E+05  0.3000E+03  0.7670E+00  0.2329E+00  0.1315E-04  0.9211E-04  0.4662E-06  0.1013E+06  0.1250E+01  0.5218E+26  0.1443E-01  0.0000E+00 -0.5764E+03 -0.0000E+00 -0.0000E+00  0.5559E+08  0.4700E+08
 -0.4771E+08
 -0.5123E+08
  0.9505E+08
  0.3347E+07
  0.5475E+06
  0.1495E+05  0.3000E+03  0.7670E+00  0.2329E+00  0.1289E-04  0.8948E-04  0.4591E-06  0.1013E+06  0.1250E+01  0.5218E+26  0.1443E-01  0.0000E+00 -0.5764E+03 -0.0000E+00 -0.0000E+00  0.5569E+08  0.4707E+08
 -0.4773E+08
 -0.5126E+08
  0.9511E+08
  0.3328E+07
  0.5454E+06
  0.1500E+05  0.3000E+03  0.7670E+00  0.2329E+00  0.1264E-04  0.8695E-04  0.4521E-06  0.1013E+06  0.1250E+01  0.5218E+26  0.1443E-01  0.0000E+00 -0.5764E+03 -0.0000E+00 -0.0000E+00  0.5579E+08  0.4715E+08
 -0.4774E+08
 -0.5129E+08
  0.9518E+08
  0.3310E+07
  0.5433E+06
